  5117.50    7.8678   10.2816           0.0000     23.1257   -17.7988   0.0100    3.9069    0.9492    0.4998
  5134.00    7.9917    9.8512           0.0000     22.8172   -18.1062   0.0264    3.9069    0.9882    0.4932
  5134.10    7.9029    9.9716           0.0000     22.7868   -18.0207   0.2192    3.9069    0.9905    0.4943
  5134.20    7.9309   10.1890           0.0000     22.9061   -17.9849   0.5837    3.9069    0.9999    0.4963
  5134.20    7.8678   10.0001           0.0000     22.8173   -18.4796   0.0145    3.9069    0.9687    0.4820
  5134.30    7.7618    9.9389           0.0000     22.6366   -18.0157   0.4773    3.9069    0.9990    0.4980
  5134.60    7.9161    9.9597           0.0000     22.9068   -18.0310   1.0536    3.9069    0.9858    0.4900
  5134.60    7.8480    9.7859           0.0000     22.4189   -18.4636   0.0649    3.9069    0.9946    0.4830
  5134.60    7.8668    9.6682           0.0000     22.6047   -18.0165   0.7955    3.9069    0.9898    0.4851
  5134.70    7.8729    9.6594           0.0000     22.7034   -18.0897   1.1226    3.9069    0.9914    0.4906
  5134.70    7.8794    9.8933           0.0000     22.7619   -18.1599   0.5978    3.9069    0.9723    0.4908
  5134.80    7.9010   10.1025           0.0000     22.9158   -17.8106   1.2304    3.9069    0.9939    0.4975
  5134.90    7.9495    9.8276           0.0000     22.7483   -17.8552   1.5175    3.9069    0.9927    0.4973
  5135.00    7.9347    9.7743           0.0000     22.7475   -17.8186   1.6408    3.9069    0.9986    0.4961
  5135.10    7.8029    9.7978           0.0000     22.7152   -17.8226   1.6599    3.9069    1.0000    0.4915
  5135.30    7.8589    9.8457           0.0000     23.0358   -18.3627   0.2160    3.9069    0.9458    0.4970
  5136.90    7.5212    9.4466           0.0000     22.3641   -18.5086   0.0194    3.9069    0.9265    0.4793
  5137.00    7.8517    9.8048           0.0000     23.2080   -18.3716   1.7569    3.9069    0.9357    0.4853
  5140.50    7.3995    9.7083           0.0000     23.5520   -18.4003   2.5960    3.9069    0.9000    0.4852
  5142.40    7.6219    9.0634           0.0000     22.9257   -18.7530   0.1279    3.9069    0.8040    0.4701
  5144.30    7.2605    9.3054           0.0000     23.6275   -18.7382   1.5434    3.9069    0.7353    0.4831
  5144.70    7.6960    9.6987           0.0000     24.2195   -18.6355   0.9980    3.9069    0.6173    0.5060
  5145.00    7.9375   10.2926           0.0000     24.5536   -18.7305   0.0478    3.9069    0.6523    0.5106
  5146.10    7.5603    9.4637           0.0000     24.1587   -18.7923   0.0188    3.9069    0.4900    0.4862
  5147.80    7.5432    9.7384           0.0000     24.3420   -18.7879   0.1899    3.9069    0.4299    0.5055
  5148.50    7.5436    9.6698           0.0000     24.5104   -18.8639   0.7194    3.9069    0.3969    0.5009
  5149.80    7.6388    9.8889           0.0000     24.7731   -18.7091   0.6009    3.9069    0.2627    0.5083
  5150.30    7.5846    9.7535           0.0000     24.6998   -18.7332   0.3446    3.9069    0.1383    0.5116
  5150.30    7.4828    9.8102           0.0000     24.7581   -18.8206   0.0658    3.9069    0.0185    0.5097
  5150.70    7.5205    9.6908           0.0000     24.7303   -18.7748   0.8619    3.9069    0.0098    0.5125

  5134.67    7.8274    9.8285           0.0000     22.8349   -18.1435   0.7865    3.9069    0.9663    0.4901
