  4444.10    6.2682   10.0067           0.0000     32.9149   -17.8746   4.2163    1.5830    0.0043    0.4061
  4444.30    6.6330   10.0194           0.0000     32.6330   -17.4912   2.6552    1.5830    0.0117    0.4193
  4445.20    6.3432    9.8012           0.0000     32.7532   -17.7265   3.9139    1.5830    0.0574    0.3992
  4445.90    6.4633    9.9125           0.0000     32.6755   -17.6366   3.2941    1.5830    0.1633    0.4090
  4446.00    6.5187   10.0136           0.0000     32.7125   -17.6401   3.5279    1.5830    0.1660    0.4181
  4446.60    6.5513    9.9171           0.0000     32.5861   -17.6052   2.8772    1.5830    0.2134    0.4139
  4446.90    6.7500    9.9448           0.0000     32.4922   -17.5705   2.0211    1.5830    0.0629    0.4256
  4446.90    6.2323    9.7033           0.0000     32.4913   -17.7302   4.0026    1.5830    0.2722    0.3890
  4447.00    6.4950    9.9351           0.0000     32.4858   -17.7129   3.4971    1.5830    0.3197    0.4082
  4447.10    6.5971    9.8707           0.0000     32.5690   -17.6557   2.5714    1.5830    0.2215    0.4114
  4447.20    6.1920    9.8782           0.0000     32.5881   -17.6960   4.1167    1.5830    0.3200    0.3951
  4447.30    6.6525    9.9262           0.0000     32.3145   -17.5411   2.8210    1.5830    0.2520    0.4194
  4447.30    6.3649    9.9121           0.0000     32.5480   -17.6258   3.9381    1.5830    0.3377    0.4082
  4448.20    5.8312    9.7537           0.0000     33.1658   -17.7261   5.8027    1.5830    0.2365    0.3939
  4448.30    6.3404   10.1890           0.0000     32.4120   -17.6484   3.3999    1.5830    0.3930    0.4035
  4448.50    6.4154   10.0041           0.0000     32.4538   -17.5718   3.5782    1.5830    0.4204    0.4050
  4449.10    5.9081    9.6388           0.0000     32.9178   -17.7944   5.5727    1.5830    0.3482    0.3958
  4450.90    6.5558    9.9502           0.0000     32.1045   -17.5730   1.6401    1.5830    0.4118    0.4176
  4452.20    6.2495   10.0289           0.0000     32.1935   -17.5348   4.3991    1.5830    0.5208    0.3815
  4452.50    6.7077   10.1695           0.0000     32.3021   -17.5538   0.5262    1.5830    0.3547    0.4290
  4452.60    6.6493    9.9866           0.0000     32.1958   -17.4961   0.1398    1.5830    0.3521    0.4265
  4453.30    6.6819   10.2191           0.0000     32.2161   -17.5248   0.1146    1.5830    0.4011    0.4271
  4453.30    6.3439   10.1669           0.0000     32.5142   -17.6667   4.9054    1.5830    0.5378    0.3984
  4454.00    5.2470    9.3190           0.0000     32.9442   -17.7904   7.2738    1.5830    0.4501    0.3742
  4457.60    6.3543   10.4896           0.0000     31.1963   -16.8796   0.0122    1.5830    0.6669    0.4193
  4458.90    6.6888    9.9970           0.0000     31.2920   -17.3563   2.9294    1.5830    0.6693    0.4102
  4459.70    6.3058   10.1742           0.0000     31.6776   -17.5098   4.0578    1.5830    0.6871    0.4119
  4460.00    6.7915   10.3105           0.0000     31.5773   -17.1725   0.0468    1.5830    0.6311    0.4341
  4461.90    6.2763    9.3204           0.0000     31.2170   -17.2889   3.6229    1.5830    0.6620    0.4096
  4473.30    5.6960    9.7591           0.0000     34.6472   -17.8152   9.8720    1.5830    0.4716    0.4394

  4447.57    6.4035    9.9288           0.0000     32.5657   -17.6454   3.4186    1.5830    0.2544    0.4074
