  4400.40    6.4772    8.4887           0.0000     19.1980   -12.7361   0.0135    2.6041    0.6669    0.4287
  4401.80    6.3779    8.0837           0.0000     19.0169   -12.5938   0.0108    2.6041    0.6800    0.4138
  4404.60    6.3369    8.6978           0.0000     19.2667   -12.8383   0.0486    2.6041    0.6298    0.4201
  4404.80    6.2687    8.4146           0.0000     19.6265   -12.8747   0.2978    2.6041    0.4713    0.4217
  4404.80    6.3547    8.4223           0.0000     19.3756   -12.8376   0.5959    2.6041    0.6056    0.4217
  4405.10    6.2862    8.3474           0.0000     19.6173   -12.9230   0.6875    2.6041    0.4692    0.4246
  4405.10    6.2513    8.4717           0.0000     20.0055   -13.0903   0.4063    2.6041    0.0008    0.4268
  4405.10    6.2731    8.3791           0.0000     19.6984   -12.9953   0.4931    2.6041    0.4123    0.4219
  4405.10    6.3000    8.4758           0.0000     19.7463   -12.9977   0.4725    2.6041    0.4119    0.4212
  4405.10    6.2650    8.3874           0.0000     19.7153   -12.9402   0.4729    2.6041    0.3914    0.4177
  4405.20    6.4579    8.6113           0.0000     19.6790   -12.8312   0.1654    2.6041    0.5582    0.4353
  4405.30    6.3469    8.5133           0.0000     19.8187   -13.0257   0.6449    2.6041    0.4082    0.4233
  4405.50    6.3279    8.4539           0.0000     19.9557   -13.1016   0.0952    2.6041    0.1092    0.4171
  4405.80    6.2590    8.4690           0.0000     19.9981   -13.0523   0.5076    2.6041    0.1005    0.4212
  4405.90    6.2169    8.4731           0.0000     19.8298   -12.9774   1.2174    2.6041    0.4226    0.4215
  4406.10    6.2365    8.4518           0.0000     19.9069   -13.0249   1.2745    2.6041    0.3689    0.4247
  4406.60    6.2361    8.3422           0.0000     19.9232   -13.1432   1.2453    2.6041    0.2274    0.4243
  4406.60    6.3297    8.5823           0.0000     19.2067   -12.8043   1.5202    2.6041    0.6800    0.4138
  4407.00    6.4333    8.5564           0.0000     18.9928   -12.8302   1.3608    2.6041    0.7524    0.4188
  4407.20    6.4639    8.5498           0.0000     19.5775   -12.9195   1.7857    2.6041    0.6290    0.4330
  4407.60    6.6827    8.5545           0.0000     18.7099   -12.5774   0.3571    2.6041    0.8152    0.4184
  4407.90    6.6625    8.6282           0.0000     18.7361   -12.6080   0.9052    2.6041    0.8109    0.4178
  4409.00    5.9902    8.3191           0.0000     19.6232   -13.1771   2.4462    2.6041    0.5013    0.4156
  4409.50    6.3003    8.4064           0.0000     19.5194   -12.7557   2.6636    2.6041    0.6325    0.4243
  4412.10    6.4410    8.6290           0.0000     18.9530   -12.6154   2.6556    2.6041    0.8389    0.4230
  4412.20    6.6482    8.4956           0.0000     18.2656   -12.3875   1.2668    2.6041    0.9147    0.4210
  4415.70    6.7469    8.6219           0.0000     17.6759   -12.2158   0.7476    2.6041    0.9899    0.4047
  4417.00    6.6844    8.6453           0.0000     18.1210   -12.3331   2.2814    2.6041    0.9678    0.4199
  4425.80    5.7627    8.4048           0.0000     21.6049   -13.2534   5.9506    2.6041    0.1659    0.4696
  4429.50    6.3027    9.9240           0.0000     20.4217   -12.8272   5.6645    2.6041    0.8228    0.4394

  4405.16    6.3250    8.4586           0.0000     19.6077   -12.9269   0.6658    2.6041    0.4498    0.4226
