  5043.90    8.7785    8.9807           0.0000     33.6834   -21.2633   0.0142    1.8928    0.8858    0.4465
  5045.90    8.7408    8.8677           0.0000     33.1057   -21.4263   0.6623    1.8928    0.9138    0.4334
  5045.90    8.7628    8.8930           0.0000     32.9452   -21.4298   0.2533    1.8928    0.9430    0.4329
  5045.90    8.8123    8.8783           0.0000     32.9850   -21.3843   0.5538    1.8928    0.9365    0.4365
  5045.90    8.7528    8.8535           0.0000     32.8352   -21.4428   0.4845    1.8928    0.9306    0.4318
  5046.00    8.9544    9.1421           0.0000     33.3777   -20.9070   0.0239    1.8928    0.9169    0.4434
  5046.10    8.7857    8.9082           0.0000     32.7075   -21.1213   0.6563    1.8928    0.9691    0.4352
  5046.20    8.7150    8.8614           0.0000     33.4379   -21.2187   1.5075    1.8928    0.9372    0.4369
  5046.30    8.7130    8.8347           0.0000     33.1458   -21.4877   0.7799    1.8928    0.8899    0.4265
  5046.40    8.6267    8.8497           0.0000     33.0585   -21.5888   1.8207    1.8928    0.9095    0.4211
  5046.70    8.6861    8.7339           0.0000     33.2303   -21.5664   2.5146    1.8928    0.9204    0.4333
  5047.00    8.7351    8.8446           0.0000     33.4249   -20.9734   1.3551    1.8928    0.8811    0.4464
  5047.20    8.7108    8.8236           0.0000     32.9238   -21.0762   2.8718    1.8928    0.9745    0.4396
  5047.30    8.5513    8.8431           0.0000     33.0795   -21.2696   2.9901    1.8928    0.9437    0.4402
  5047.60    8.6242    8.7942           0.0000     33.2321   -21.1049   0.5522    1.8928    0.8569    0.4342
  5047.60    8.6618    8.7843           0.0000     33.7067   -21.0765   2.2678    1.8928    0.8426    0.4443
  5047.70    8.7495    8.8035           0.0000     33.2122   -21.7754   0.3458    1.8928    0.8484    0.4290
  5047.90    8.6437    8.9138           0.0000     33.8692   -21.0965   2.6722    1.8928    0.8729    0.4449
  5048.10    8.8884    8.6462           0.0000     34.2269   -21.3992   2.0905    1.8928    0.8989    0.4401
  5060.90    8.8701    8.7797           0.0000     35.4131   -21.9719   0.0211    1.8928    0.5090    0.4432
  5067.50    8.5114    8.6888           0.0000     35.1984   -21.9862   1.2454    1.8928    0.3417    0.4359
  5067.80    8.5297    8.6666           0.0000     35.4846   -21.9150   1.8907    1.8928    0.3217    0.4372
  5068.20    8.6090    8.7359           0.0000     35.4356   -21.7759   1.7689    1.8928    0.3082    0.4424
  5069.80    8.5047    8.7585           0.0000     35.5030   -21.8650   1.4677    1.8928    0.2180    0.4428
  5070.20    8.6208    8.6972           0.0000     35.4612   -21.9984   0.2419    1.8928    0.2039    0.4401
  5070.20    8.5551    8.7440           0.0000     35.4651   -22.0156   1.2633    1.8928    0.1913    0.4410
  5070.30    8.5819    8.7034           0.0000     35.4353   -22.0073   0.4981    1.8928    0.2013    0.4331
  5070.80    8.4995    8.7728           0.0000     35.5944   -22.0842   0.2413    1.8928    0.1510    0.4352
  5071.50    8.6003    8.6585           0.0000     35.7818   -22.1732   2.1748    1.8928    0.0544    0.4428
  5073.40    8.3769    8.6296           0.0000     36.0371   -21.9586   3.3527    1.8928    0.0874    0.4522

  5047.32    8.7382    8.8518           0.0000     33.3800   -21.3290   1.2219    1.8928    0.8890    0.4370
