  4799.40    4.0654    6.1104           0.0000     19.3285    -9.7664   4.5840    2.0902    1.0000    0.6886
  4799.40    4.0758    6.1793           0.0000     19.0193    -9.6392   4.3028    2.0902    0.9998    0.6891
  4800.00    3.9871    6.1532           0.0000     19.0559    -9.7956   4.2773    2.0902    0.9998    0.6758
  4800.30    3.7743    5.9882           0.0000     19.4329    -9.8537   4.9581    2.0902    0.9999    0.6832
  4800.40    4.1618    6.2030           0.0000     19.2947    -9.4970   4.3143    2.0902    0.9978    0.6830
  4801.40    4.0586    6.0955           0.0000     19.0305    -9.8293   4.2921    2.0902    0.9945    0.6741
  4801.50    4.1760    6.0331           0.0000     18.7326    -9.6530   3.9399    2.0902    0.9996    0.6740
  4804.00    4.2640    6.0305           0.0000     18.4369    -9.7328   3.7471    2.0902    1.0000    0.6842
  4805.60    3.6973    5.7298           0.0000     18.8381    -9.9015   4.6477    2.0902    0.9975    0.6619
  4806.30    4.1342    5.9983           0.0000     19.1117    -9.7276   4.3849    2.0902    0.9999    0.7324
  4808.00    4.4132    6.1915           0.0000     18.3806    -9.6708   3.0811    2.0902    0.9988    0.6556
  4810.10    4.2887    6.2271           0.0000     18.3447    -9.5273   3.0710    2.0902    0.9941    0.6702
  4810.50    3.9042    5.8977           0.0000     19.2315    -9.9038   4.2979    2.0902    0.9670    0.6762
  4813.40    4.7143    6.3359           0.0000     18.2823    -9.4582   2.4404    2.0902    0.9939    0.6555
  4821.40    5.2336    6.5174           0.0000     18.2375    -9.2369   0.3117    2.0902    0.9994    0.6568
  4821.60    5.3012    6.5678           0.0000     18.2126    -9.1789   0.2626    2.0902    1.0000    0.6639
  4822.50    5.1998    6.5245           0.0000     18.2532    -9.0822   0.2792    2.0902    0.9994    0.6541
  4826.70    3.3301    5.8700           0.0000     19.4665    -9.6567   4.5626    2.0902    0.9364    0.6904
  4845.30    4.1358    5.8856           0.0000     19.9562    -9.9905   3.7675    2.0902    0.8518    0.6792
  4846.00    4.4247    6.1805           0.0000     18.7881   -10.1590   2.9499    2.0902    0.9212    0.6048
  4853.60    4.3606    6.0293           0.0000     18.8498   -10.0316   2.7665    2.0902    0.8935    0.6184
  4860.20    5.1932    7.7454           0.0000     19.5325    -9.3129   0.0100    2.0902    0.9463    0.7175
  4896.80    3.9416    6.1388           0.0000     22.5429   -10.5253   4.8189    2.0902    0.5826    0.7207
  4902.10    3.6864    5.9432           0.0000     21.9938   -10.5572   4.4811    2.0902    0.5767    0.6995
  4923.40    3.8650    6.2132           0.0000     23.4443   -10.4741   5.1197    2.0902    0.3276    0.7430
  4932.80    3.8318    6.2343           0.0000     23.7049   -10.4111   5.1659    2.0902    0.0027    0.7344
  4932.90    3.8299    6.2420           0.0000     23.8584   -10.4252   5.2217    2.0902    0.0162    0.7357
  4933.00    3.7807    6.2412           0.0000     23.9031   -10.4349   5.3862    2.0902    0.0299    0.7360
  4934.00    4.0312    6.2501           0.0000     23.9172   -10.5168   5.2075    2.0902    0.0299    0.7430
  4970.00    5.2325    6.9389           0.0000     22.4589    -9.9757   0.0852    2.0902    0.1846    0.7042

  4812.19    4.2670    6.1360           0.0000     18.8717    -9.6630   3.4236    2.0902    0.9825    0.6726
