 38884.80    6.0015    8.0746           0.0000     32.6430   -19.8314   5.5179    2.4021    1.0000    0.5363
 38885.10    6.0630    8.0545           0.0000     32.6427   -19.6344   5.4480    2.4021    1.0000    0.5428
 38885.50    6.0208    8.0770           0.0000     32.6156   -19.8149   5.5406    2.4021    0.9999    0.5296
 38885.50    6.0005    8.0514           0.0000     32.4303   -19.8900   5.4545    2.4021    1.0000    0.5333
 38885.90    6.0349    8.0833           0.0000     32.6609   -20.0211   5.4298    2.4021    1.0000    0.5283
 38886.00    6.0016    8.0317           0.0000     32.6643   -20.0503   5.4010    2.4021    0.9998    0.5318
 38886.00    6.0118    7.9512           0.0000     32.0235   -19.8222   5.5532    2.4021    1.0000    0.5324
 38886.30    6.0016    8.1595           0.0000     32.4360   -19.6434   5.4131    2.4021    0.9999    0.5342
 38887.20    5.9855    7.9892           0.0000     32.8564   -20.0188   5.5872    2.4021    1.0000    0.5320
 38887.80    6.0320    8.1204           0.0000     31.6713   -19.8321   5.4117    2.4021    0.9999    0.5242
 38887.90    5.9087    7.9444           0.0000     32.4449   -19.6714   5.4212    2.4021    0.9998    0.5365
 38888.20    6.1530    8.0935           0.0000     32.7162   -19.8630   5.2842    2.4021    0.9990    0.5372
 38888.30    6.1084    8.1895           0.0000     32.2081   -19.8608   5.0350    2.4021    0.9999    0.5315
 38889.50    6.1055    8.1599           0.0000     33.2720   -19.8534   5.2173    2.4021    0.9997    0.5370
 38891.90    6.0214    8.2040           0.0000     32.8571   -19.8077   5.1211    2.4021    1.0000    0.5528
 38892.00    6.0000    8.0560           0.0000     31.4731   -20.0623   5.4028    2.4021    0.9989    0.5174
 38893.50    5.9861    8.0833           0.0000     31.4415   -20.0250   5.2641    2.4021    0.9994    0.5125
 38894.50    6.2235    8.1521           0.0000     31.8563   -19.6295   4.7509    2.4021    0.9999    0.5315
 38903.10    6.0273    8.2118           0.0000     33.1053   -19.8042   5.1016    2.4021    0.9994    0.5153
 38911.60    6.0319    8.0802           0.0000     35.6222   -19.6102   5.3581    2.4021    1.0000    0.5595
 38949.40    6.0013    7.8573           0.0000     38.7492   -19.8778   5.2749    2.4021    0.9991    0.5851
 38961.80    5.9718    8.0094           0.0000     39.4100   -19.8267   5.3236    2.4021    0.9965    0.5924
 39020.30    6.5943    8.4622           0.0000     36.5432   -20.8221   0.0136    2.4021    1.0000    0.5606
 39028.90    6.5287    8.4257           0.0000     32.4451   -21.1359   0.0137    2.4021    0.9997    0.5215
 39048.40    6.9404    8.2326           0.0000     30.2538   -22.0423   0.0105    2.4021    0.9977    0.4749
 39075.40    6.5907    8.2053           0.0000     37.8317   -20.9224   0.0103    2.4021    0.9972    0.5308
 39177.70    5.9478    7.6781           0.0000     33.4851   -34.8865   3.4103    2.4021    0.9990    0.3966
 39184.80    6.0428    7.5799           0.0000     32.4371   -37.8588   3.3229    2.4021    0.9999    0.3602
 39188.10    5.9078    7.6254           0.0000     36.0572   -34.5288   3.4320    2.4021    1.0000    0.4088
 39692.10    6.0924    7.6509           0.0000     39.9706   -27.0090   3.0073    2.4021    0.1678    0.4906

 38890.03    6.0360    8.0884           0.0000     32.5820   -19.8373   5.3357    2.4021    0.9998    0.5328
