  5118.10    7.9567   10.3793           0.0000     22.4453   -18.7480   0.0101    3.9069    0.9997    0.4729
  5120.60    7.5457   10.4324           0.0000     23.9735   -18.2332   0.0102    3.9069    0.7837    0.5309
  5133.20    7.7071   10.3850           0.0000     24.7322   -16.7094   0.0101    3.9069    0.7305    0.5025
  5133.40    7.9407    9.9974           0.0000     22.8772   -17.9890   1.2547    3.9069    0.9992    0.4963
  5134.00    7.7853    9.8214           0.0000     22.9611   -18.0415   2.3114    3.9069    0.9883    0.4970
  5134.10    7.9157   10.1458           0.0000     23.1112   -18.3408   0.4280    3.9069    0.9648    0.4942
  5134.30    7.8973   10.1762           0.0000     23.2371   -18.3757   0.3129    3.9069    0.9618    0.4940
  5134.60    7.8533    9.4426           0.0000     23.0258   -18.2279   0.2230    3.9069    0.9557    0.4826
  5134.80    7.7998    9.6261           0.0000     22.9635   -18.2099   0.8524    3.9069    0.9432    0.4961
  5135.30    7.6670    9.7165           0.0000     22.9515   -18.0475   1.5406    3.9069    0.9427    0.4904
  5135.30    7.7478    9.6799           0.0000     22.4496   -18.0806   1.1001    3.9069    0.9607    0.4785
  5136.50    7.8000    9.5796           0.0000     23.3255   -18.2497   1.0785    3.9069    0.8986    0.5053
  5136.90    8.0016    9.7726           0.0000     23.1609   -18.5065   0.2021    3.9069    0.8809    0.4883
  5137.50    7.6261    9.7469           0.0000     23.1833   -18.5508   0.6734    3.9069    0.8752    0.4833
  5138.30    7.7374    9.4329           0.0000     22.8870   -18.9526   0.1604    3.9069    0.8724    0.4685
  5138.90    7.6623    9.6083           0.0000     23.4341   -18.0942   1.1107    3.9069    0.8325    0.5080
  5139.20    7.6196    9.6667           0.0000     23.2954   -18.4974   1.0010    3.9069    0.8104    0.4929
  5139.20    7.5718    9.4696           0.0000     23.3872   -18.5661   0.4122    3.9069    0.8229    0.4775
  5139.40    7.5729    9.6400           0.0000     23.3222   -18.8354   0.2835    3.9069    0.7979    0.4774
  5139.60    7.5370    9.1953           0.0000     22.9247   -18.7297   0.3334    3.9069    0.8140    0.4788
  5139.80    7.5778    9.9840           0.0000     23.9120   -18.6178   0.1506    3.9069    0.7949    0.4966
  5139.80    7.6114    9.7067           0.0000     23.6962   -17.9491   0.1014    3.9069    0.7557    0.4987
  5140.10    7.4776    9.3587           0.0000     23.0902   -18.3851   2.0759    3.9069    0.8242    0.4882
  5140.10    7.9254    9.7535           0.0000     23.9621   -18.3638   0.6374    3.9069    0.7779    0.5013
  5140.20    7.4709    9.4363           0.0000     23.4100   -18.4873   0.0912    3.9069    0.7462    0.4824
  5141.80    7.6599    9.3642           0.0000     23.6169   -18.6186   1.1454    3.9069    0.7215    0.4911
  5143.30    7.5958    9.5734           0.0000     23.9724   -18.5709   0.7126    3.9069    0.6400    0.5035
  5143.80    7.4947    9.4821           0.0000     24.0101   -18.7024   1.2750    3.9069    0.6347    0.4926
  5144.70    7.4090    9.7051           0.0000     24.1785   -18.3752   0.3315    3.9069    0.5828    0.5156
  5144.80    7.5864    9.6865           0.0000     24.3515   -18.7963   1.4493    3.9069    0.5909    0.4987
  5145.30    7.8186    9.8993           0.0000     24.1920   -18.3848   0.9153    3.9069    0.5819    0.5133
  5145.70    7.4965    9.6665           0.0000     24.2373   -18.8650   1.1397    3.9069    0.5441    0.4938
  5146.90    7.4003    9.6845           0.0000     24.3784   -18.5160   2.1412    3.9069    0.5248    0.5022
  5147.00    7.6145    9.4745           0.0000     24.5494   -18.8403   0.1712    3.9069    0.3998    0.5045
  5148.10    7.5376    9.5147           0.0000     24.4599   -18.6694   0.2972    3.9069    0.3264    0.5026
  5149.40    7.4722    9.6157           0.0000     24.7306   -18.7862   1.4858    3.9069    0.2849    0.5113
  5149.40    7.5092    9.6206           0.0000     24.7024   -18.8157   1.3400    3.9069    0.2562    0.5065
  5149.80    7.6404    9.5397           0.0000     24.8859   -18.5524   0.1210    3.9069    0.1713    0.5224
  5149.90    7.6948    9.4792           0.0000     24.5201   -18.8562   0.1360    3.9069    0.0450    0.4957
  5150.00    7.8019    9.8671           0.0000     25.1739   -18.3795   0.1594    3.9069    0.0967    0.5163
  5150.00    7.7017    9.3957           0.0000     23.4260   -18.6974   0.0420    3.9069    0.6692    0.4801
  5150.00    7.4393    9.4108           0.0000     24.5743   -19.0102   0.4468    3.9069    0.1866    0.4881
  5150.00    7.9352    9.4309           0.0000     24.8458   -19.0300   0.1247    3.9069    0.1812    0.5036
  5150.10    7.5469    9.6179           0.0000     24.7472   -18.8242   1.0412    3.9069    0.1027    0.5027
  5150.40    7.3908    9.4637           0.0000     24.7398   -18.8585   2.1508    3.9069    0.2384    0.5020
  5150.50    7.5256    9.9384           0.0000     24.9454   -18.5748   1.4334    3.9069    0.1110    0.5124
  5151.30    7.2821    9.5379           0.0000     25.0074   -18.7605   2.8733    3.9069    0.2492    0.5134
  5160.30    7.7177    8.8733           0.0000     24.5012   -19.2889   0.1200    3.9069    0.0001    0.4367
  5177.00    7.5646    8.7278           0.0000     24.3886   -20.9131   0.0132    3.9069    0.8727    0.4561
  5191.60    5.9720    7.5806           0.0000     23.2930   -19.1644   0.0373    3.9069    0.3821    0.4895

  5134.66    7.7473    9.7957           0.0000     23.1824   -18.2993   0.6654    3.9069    0.8918    0.4908
