  4444.20    6.4528    9.9060           0.0000     32.6712   -17.9119   3.4305    1.5830    0.0046    0.4003
  4444.70    6.2378    9.9159           0.0000     32.8725   -17.6588   4.4290    1.5830    0.0427    0.4053
  4445.10    6.5967    9.9238           0.0000     32.6406   -17.6766   2.9936    1.5830    0.0651    0.4091
  4445.30    6.3682    9.8666           0.0000     32.7144   -17.6860   3.6162    1.5830    0.0787    0.4014
  4445.40    5.9813   10.1599           0.0000     33.1161   -17.6793   4.7281    1.5830    0.0198    0.4132
  4445.60    6.3734   10.0267           0.0000     32.8102   -17.9015   3.7080    1.5830    0.0611    0.4034
  4445.90    6.2158    9.8276           0.0000     32.7945   -17.6822   4.1339    1.5830    0.1652    0.3965
  4445.90    6.3577    9.9540           0.0000     32.6961   -17.6773   3.3514    1.5830    0.1398    0.4107
  4446.00    6.4120   10.0462           0.0000     32.6460   -17.6500   3.4670    1.5830    0.1849    0.4119
  4446.10    6.3909    9.9658           0.0000     32.7096   -17.6349   3.6676    1.5830    0.2015    0.4027
  4446.40    6.5031    9.8697           0.0000     32.6218   -17.6257   3.5042    1.5830    0.2033    0.4125
  4446.50    6.5321    9.9800           0.0000     32.6044   -17.6793   2.9616    1.5830    0.2131    0.4153
  4446.50    6.6059    9.9460           0.0000     32.5460   -17.6386   2.8913    1.5830    0.1838    0.4034
  4446.70    6.0978    9.9802           0.0000     32.9259   -17.7443   4.5514    1.5830    0.1939    0.4012
  4446.70    6.3594    9.9771           0.0000     32.7559   -17.6164   4.2224    1.5830    0.2388    0.4098
  4446.80    6.3904    9.9415           0.0000     32.6999   -17.5192   3.8492    1.5830    0.2912    0.4061
  4446.80    6.4523    9.7973           0.0000     32.4790   -17.6798   3.7283    1.5830    0.2884    0.4036
  4447.00    6.0618    9.9284           0.0000     33.1913   -17.7480   5.1309    1.5830    0.1430    0.4005
  4447.10    6.0282    9.8173           0.0000     32.9689   -17.7787   5.1637    1.5830    0.1835    0.4005
  4447.20    6.3893    9.8592           0.0000     32.3653   -17.6140   2.9986    1.5830    0.3032    0.4013
  4447.20    6.3507    9.9009           0.0000     32.6310   -17.6763   4.1537    1.5830    0.3193    0.4023
  4447.50    6.2537    9.7780           0.0000     32.7108   -17.6313   3.9433    1.5830    0.3346    0.3991
  4447.50    6.1084    9.7658           0.0000     32.7421   -17.7718   4.7630    1.5830    0.3035    0.3988
  4447.50    6.2541    9.8891           0.0000     32.5817   -17.6622   4.2028    1.5830    0.3487    0.3972
  4447.60    6.6180   10.0023           0.0000     32.4260   -17.5214   1.9710    1.5830    0.1468    0.4227
  4447.70    6.5366    9.9538           0.0000     32.2403   -17.5918   2.7904    1.5830    0.3455    0.4136
  4447.70    6.0577    9.8855           0.0000     32.8621   -17.6972   4.6610    1.5830    0.3194    0.3913
  4447.70    6.2424    9.9542           0.0000     32.5798   -17.6141   4.5042    1.5830    0.3374    0.4040
  4447.80    6.2100    9.8526           0.0000     33.2771   -17.6456   5.6714    1.5830    0.0374    0.3819
  4447.90    6.2440    9.8378           0.0000     32.3894   -17.7470   4.1272    1.5830    0.3579    0.4038
  4448.20    6.5031   10.0688           0.0000     32.3104   -17.5508   2.9784    1.5830    0.3827    0.4153
  4448.20    6.2346    9.9848           0.0000     32.5645   -17.8057   4.2367    1.5830    0.3792    0.3961
  4448.30    6.2458   10.1847           0.0000     32.9612   -17.5024   4.5477    1.5830    0.2924    0.4172
  4448.30    5.8481    9.7134           0.0000     32.9132   -17.7020   5.4487    1.5830    0.3061    0.3797
  4448.30    5.9384    9.6292           0.0000     32.6906   -18.0831   4.8124    1.5830    0.1810    0.3835
  4448.40    6.5051   10.0235           0.0000     32.3692   -17.4524   3.0954    1.5830    0.3868    0.4240
  4448.60    6.2378    9.8902           0.0000     32.4149   -17.7286   3.8485    1.5830    0.4205    0.3959
  4449.00    6.1200    9.8163           0.0000     32.8518   -17.6995   5.2847    1.5830    0.3614    0.4006
  4449.00    6.4929    9.9536           0.0000     32.3705   -17.7784   3.2861    1.5830    0.4248    0.4043
  4449.10    6.2343    9.9676           0.0000     32.5669   -17.5754   4.5541    1.5830    0.4263    0.4058
  4449.10    6.1768    9.9552           0.0000     32.3820   -17.6429   3.5470    1.5830    0.4266    0.3925
  4450.40    6.4519    9.9367           0.0000     32.1320   -17.6385   3.5338    1.5830    0.5045    0.4005
  4450.50    5.7620    9.5607           0.0000     32.6016   -17.8193   5.6290    1.5830    0.4200    0.3734
  4450.80    5.9381   10.0098           0.0000     33.4009   -17.8894   6.2652    1.5830    0.3194    0.3978
  4450.90    6.3257   10.2645           0.0000     32.9888   -17.5198   4.7278    1.5830    0.3989    0.4271
  4451.20    5.5763    9.6907           0.0000     33.3927   -17.9626   7.1697    1.5830    0.2741    0.3883
  4451.30    5.5541    9.6334           0.0000     32.9689   -17.7414   6.4736    1.5830    0.4080    0.3780
  4452.50    5.5609    9.7628           0.0000     33.0607   -17.7910   6.6591    1.5830    0.4356    0.3952
  4452.60    6.2305    9.8436           0.0000     32.0868   -17.4760   4.5503    1.5830    0.5515    0.3935
  4454.40    6.2202   10.1208           0.0000     32.0673   -17.5972   4.5411    1.5830    0.5942    0.4003

  4446.10    6.3403    9.9345           0.0000     32.7415   -17.6901   3.8263    1.5830    0.1603    0.4054
