  5115.40    7.8582   10.2681           0.0000     22.5494   -18.0361   0.0100    3.9069    0.9912    0.4906
  5118.20    8.0369   10.3061           0.0000     23.3588   -17.5319   0.0101    3.9069    0.9717    0.5084
  5119.60    7.9878   10.2114           0.0000     23.5804   -18.0442   0.0100    3.9069    0.9257    0.5166
  5119.80    7.5917   10.3256           0.0000     22.7648   -17.4663   0.0101    3.9069    0.9368    0.4795
  5133.30    7.8911   10.0870           0.0000     22.6793   -17.9611   0.0102    3.9069    1.0000    0.4935
  5133.70    7.8850    9.8282           0.0000     22.4741   -18.1330   0.0169    3.9069    0.9974    0.4806
  5133.80    7.8858    9.9060           0.0000     22.6534   -17.9011   0.0977    3.9069    0.9996    0.4932
  5133.90    7.9965   10.0434           0.0000     22.8324   -17.8594   0.0292    3.9069    0.9919    0.4935
  5134.00    7.9420    9.9467           0.0000     22.7146   -17.9820   0.6341    3.9069    0.9995    0.4951
  5134.00    7.9353   10.0293           0.0000     22.7719   -17.8879   0.6118    3.9069    0.9984    0.4964
  5134.10    7.9863    9.8017           0.0000     22.6015   -17.8525   0.1821    3.9069    0.9961    0.4901
  5134.10    7.8973    9.9232           0.0000     22.6131   -17.9560   0.6289    3.9069    0.9965    0.4932
  5134.20    8.0742   10.0023           0.0000     22.8076   -17.7338   0.4444    3.9069    0.9968    0.5040
  5134.30    8.0014   10.0885           0.0000     22.8159   -17.9619   0.4587    3.9069    0.9891    0.4927
  5134.50    8.0271    9.8715           0.0000     22.7465   -18.0749   0.8112    3.9069    0.9889    0.4855
  5134.50    8.0205    9.9030           0.0000     22.7884   -17.9728   0.4676    3.9069    0.9813    0.4978
  5134.60    8.1344   10.0038           0.0000     22.7450   -17.8825   0.9580    3.9069    0.9950    0.4911
  5134.90    7.9538    9.7646           0.0000     22.6119   -17.8146   1.0710    3.9069    0.9864    0.4957
  5134.90    7.7815    9.8349           0.0000     22.5529   -17.9435   1.3104    3.9069    0.9996    0.4848
  5135.10    7.9517    9.7823           0.0000     22.8047   -18.1202   0.1447    3.9069    0.9591    0.5002
  5135.40    7.7733    9.9457           0.0000     22.8859   -18.3195   0.2207    3.9069    0.9496    0.4869
  5136.30    7.7855    9.9814           0.0000     23.2725   -17.9087   1.4508    3.9069    0.9460    0.5010
  5136.40    7.8108   10.0870           0.0000     23.3890   -18.0423   0.0221    3.9069    0.8992    0.5041
  5136.60    7.6716    9.3885           0.0000     23.2915   -18.5180   0.0114    3.9069    0.8611    0.4896
  5137.00    7.9538    9.8311           0.0000     23.4066   -18.1167   1.0262    3.9069    0.9033    0.5015
  5137.30    8.0788    9.6182           0.0000     23.4869   -18.3555   0.0100    3.9069    0.8311    0.4987
  5139.00    7.9773    9.9999           0.0000     23.8165   -18.4075   0.5707    3.9069    0.8472    0.4953
  5139.40    7.7373    9.8967           0.0000     23.5023   -18.8064   0.0101    3.9069    0.7894    0.4960
  5142.60    7.8557    9.8915           0.0000     24.1165   -18.2518   2.0848    3.9069    0.7898    0.5077
  5143.20    7.6390    9.7011           0.0000     24.4506   -18.8968   0.0129    3.9069    0.5742    0.5127
  5144.00    7.4862    9.6287           0.0000     24.1372   -18.5592   0.0104    3.9069    0.5488    0.5069
  5146.00    7.5371    9.6888           0.0000     24.3442   -18.7302   0.5842    3.9069    0.5432    0.5049
  5146.40    7.6226    9.7077           0.0000     24.1181   -19.2775   0.2826    3.9069    0.5571    0.4873
  5146.40    7.5580    9.7013           0.0000     24.3380   -18.7926   0.9755    3.9069    0.5353    0.5049
  5146.50    7.6046    9.5438           0.0000     24.2616   -18.8824   0.4486    3.9069    0.5186    0.5007
  5146.50    7.3847    9.3523           0.0000     24.1690   -18.3254   1.4318    3.9069    0.6269    0.4936
  5148.00    7.5773    9.7391           0.0000     24.5060   -18.7021   0.1046    3.9069    0.4107    0.5084
  5148.70    7.4892    9.8065           0.0000     24.8985   -19.0567   0.0127    3.9069    0.0386    0.5065
  5149.20    7.5429    9.7636           0.0000     24.6762   -18.6435   0.8771    3.9069    0.3531    0.5168
  5149.30    7.5915    9.6014           0.0000     24.6373   -18.7998   0.8479    3.9069    0.3302    0.5103
  5150.00    7.5591    9.7261           0.0000     24.7261   -18.8232   0.6350    3.9069    0.2195    0.5096
  5150.00    7.6928    9.7490           0.0000     24.7307   -18.4243   0.2486    3.9069    0.2630    0.5198
  5150.10    7.5890    9.5636           0.0000     24.6882   -18.8888   0.4788    3.9069    0.2143    0.5088
  5150.20    7.4838    9.6484           0.0000     24.6454   -18.8710   0.6469    3.9069    0.2010    0.5113
  5150.30    7.5617    9.7003           0.0000     24.7418   -18.8101   0.0816    3.9069    0.0533    0.5092
  5150.40    7.6373    9.6505           0.0000     24.8235   -18.7745   0.5750    3.9069    0.1072    0.5081
  5150.50    7.5167    9.6252           0.0000     24.6553   -18.9815   0.4772    3.9069    0.1178    0.4989
  5150.50    7.5836    9.7427           0.0000     24.8275   -18.7128   0.6407    3.9069    0.0817    0.5116
  5150.90    7.6825    9.7981           0.0000     24.9821   -18.4599   0.6495    3.9069    0.1173    0.5213
  5151.40    7.5590    9.5979           0.0000     24.9002   -18.8001   1.3535    3.9069    0.0757    0.5102

  5131.05    7.9419    9.9964           0.0000     22.7733   -17.9058   0.3959    3.9069    0.9850    0.4941
