  5520.40   10.3397   14.6925           0.0000     59.8685   -33.1240   0.0101    4.0136    0.3604    0.6277
  5527.00    9.4944   15.1177           0.0000     59.7079   -39.3016   0.0101    4.0136    0.1046    0.6011
  5527.20    9.4982   14.9338           0.0000     59.8468   -39.7029   0.0101    4.0136    0.0671    0.6071
  5527.40    9.5020   14.9649           0.0000     59.7159   -39.5748   0.0113    4.0136    0.2059    0.5927
  5527.70    9.5018   14.9136           0.0000     59.8117   -39.8976   0.0114    4.0136    0.2109    0.5910
  5528.10    9.6534   14.9058           0.0000     59.9987   -39.9832   0.0112    4.0136    0.1131    0.6072
  5528.20    9.5010   14.5677           0.0000     59.5030   -39.9935   0.0101    4.0136    0.0614    0.5872
  5528.50    9.4994   14.7106           0.0000     59.7452   -39.8672   0.0112    4.0136    0.2934    0.6024
  5528.60    9.5026   14.8146           0.0000     59.8649   -39.9730   0.0103    4.0136    0.3127    0.5892
  5528.80    9.4983   14.8112           0.0000     57.5325   -39.9977   0.0102    4.0136    0.1806    0.5886
  5528.90    9.4964   15.2725           0.0000     58.8103   -39.9958   0.0100    4.0136    0.0418    0.5808
  5529.00    9.3167   15.0630           0.0000     57.9244   -39.9916   0.0100    4.0136    0.2902    0.5891
  5529.00    9.5007   15.1913           0.0000     59.7019   -39.9483   0.0114    4.0136    0.3153    0.5995
  5529.00    9.6492   14.9185           0.0000     57.1523   -39.9982   0.0108    4.0136    0.0474    0.5744
  5529.00    9.5014   14.7966           0.0000     59.3296   -39.9692   0.0107    4.0136    0.3064    0.6050
  5529.10    9.4757   14.9822           0.0000     59.7135   -39.6262   0.0116    4.0136    0.3742    0.5915
  5529.40    9.3123   15.0706           0.0000     58.6716   -39.9829   0.0125    4.0136    0.3684    0.5928
  5529.40    9.4967   15.0484           0.0000     55.8591   -39.9946   0.0101    4.0136    0.1560    0.5848
  5529.60    9.6535   14.9355           0.0000     59.2390   -39.9500   0.0103    4.0136    0.3566    0.5866
  5529.60    9.3101   14.9323           0.0000     59.9285   -39.9716   0.0100    4.0136    0.3447    0.5867
  5530.00    9.5040   14.3373           0.0000     59.8834   -39.8656   0.0118    4.0136    0.2827    0.5900
  5531.30    9.5012   15.4533           0.0000     58.6992   -39.9811   0.0110    4.0136    0.4362    0.5898
  5531.40    9.6486   14.9526           0.0000     57.7842   -39.9936   0.0112    4.0136    0.4619    0.5872
  5531.40   10.3165   15.3707           0.0000     56.1706   -39.1732   0.0100    4.0136    0.4824    0.5820
  5533.90    9.3130   15.4639           0.0000     57.5748   -39.9926   0.0101    4.0136    0.5351    0.5735
  5534.00    9.5036   15.4621           0.0000     58.7395   -39.9793   0.0100    4.0136    0.5410    0.5660
  5534.60    9.3137   15.3586           0.0000     57.8469   -39.9620   0.0101    4.0136    0.5771    0.5756
  5535.00    9.6479   15.4288           0.0000     58.1912   -39.9995   0.0100    4.0136    0.5499    0.5618
  5536.30   10.1612   15.3411           0.0000     57.8630   -39.9564   0.0122    4.0136    0.5704    0.5609
  5547.80   10.4643   14.8660           0.0000     59.0695   -39.9231   0.0124    4.0136    0.0990    0.5266
  5556.70    9.4437   14.7889           0.0000     59.9998   -39.9746   0.6263    4.0136    0.2857    0.6014
  5556.70    9.5147   14.8093           0.0000     59.9984   -39.9744   0.4236    4.0136    0.2865    0.5989
  5556.80    9.4540   14.8098           0.0000     59.9678   -39.9982   0.3213    4.0136    0.2849    0.6006
  5557.00    9.3876   14.6339           0.0000     59.9985   -39.9930   0.8118    4.0136    0.2860    0.5972
  5557.00    9.4823   14.8075           0.0000     59.9976   -39.9336   0.6868    4.0136    0.2817    0.6023
  5557.20    9.5038   14.8556           0.0000     59.9151   -39.9051   0.7688    4.0136    0.2914    0.5958
  5557.20    9.4510   14.7941           0.0000     59.9935   -39.9599   1.2144    4.0136    0.2865    0.6011
  5557.20    9.4391   14.7802           0.0000     59.9055   -39.9754   1.1275    4.0136    0.2926    0.5999
  5557.30    9.4585   14.8177           0.0000     59.9717   -39.7482   0.5263    4.0136    0.2886    0.5971
  5557.30    9.4415   14.5811           0.0000     59.9140   -39.9936   0.8989    4.0136    0.2913    0.6051
  5557.50    9.5158   14.7852           0.0000     59.7942   -39.7469   0.4051    4.0136    0.2968    0.6027
  5557.80    9.4121   14.8522           0.0000     59.9576   -39.9470   1.5183    4.0136    0.2882    0.6064
  5558.20    9.4913   14.8823           0.0000     59.9944   -39.2421   0.6715    4.0136    0.2861    0.6047
  5558.30    9.4179   14.7274           0.0000     59.9996   -39.9996   0.3066    4.0136    0.0781    0.6003
  5558.60    9.5342   14.7451           0.0000     59.9927   -39.9585   0.7409    4.0136    0.0270    0.5989
  5559.70    9.4164   14.7902           0.0000     59.1288   -39.8690   1.9683    4.0136    0.3364    0.5907
  5560.60    9.4469   14.7960           0.0000     57.5974   -39.9586   0.4613    4.0136    0.4157    0.5838
  5560.90    9.2626   14.7036           0.0000     59.8819   -38.8882   2.3544    4.0136    0.2927    0.6050
  5561.20    9.8785   15.6021           0.0000     53.4761   -39.7336   0.0128    4.0136    0.9801    0.5124
  5566.10    9.8768   15.2360           0.0000     57.3965   -39.9778   0.0123    4.0136    0.9946    0.4999

  5528.20    9.5352   14.9322           0.0000     59.0963   -39.5422   0.0107    4.0136    0.2256    0.5943
