  4903.40    7.8621   11.7689           0.0000     13.5286   -12.4091   0.0110    2.7094    0.9484    0.5033
  4918.10    8.5914    9.1214           0.0000     13.7530   -12.3332   0.0125    2.7094    0.9991    0.5197
  4920.40    8.5468    8.6644           0.0000     13.8156   -12.0416   0.0255    2.7094    0.9999    0.5181
  4921.30    8.7993    8.9353           0.0000     14.1242   -12.0509   0.0234    2.7094    0.9996    0.5314
  4922.00    8.4414    8.7010           0.0000     13.8392   -12.2395   0.0105    2.7094    1.0000    0.5100
  4924.60    8.6065    8.4986           0.0000     13.6211   -12.3474   0.0134    2.7094    0.9963    0.4920
  4924.80    8.4346    8.8546           0.0000     13.8539   -12.2614   0.0622    2.7094    0.9985    0.5142
  4925.00    8.5627    8.8316           0.0000     13.9425   -12.2890   0.1039    2.7094    0.9988    0.5203
  4925.10    8.4838    9.0833           0.0000     13.8408   -12.1860   0.0753    2.7094    0.9998    0.5130
  4925.40    8.4895    8.8212           0.0000     13.9245   -12.2147   0.5245    2.7094    1.0000    0.5199
  4925.40    8.4637    8.8263           0.0000     13.8682   -12.2367   0.6522    2.7094    0.9994    0.5148
  4925.50    8.5009    8.8930           0.0000     13.8295   -12.2510   0.2758    2.7094    1.0000    0.5135
  4925.60    8.3663    8.7320           0.0000     13.8651   -12.2651   1.2476    2.7094    0.9997    0.5217
  4925.60    8.4236    8.7795           0.0000     13.8526   -12.1437   0.2061    2.7094    1.0000    0.5103
  4925.60    8.4458    8.9533           0.0000     14.0091   -12.2188   1.4240    2.7094    1.0000    0.5196
  4925.60    7.7626   11.7724           0.0000     14.1680   -13.5347   0.0111    2.7094    0.8733    0.4803
  4925.60    8.5525    8.9347           0.0000     14.0523   -12.2646   1.4393    2.7094    0.9998    0.5191
  4925.80    8.2558    8.6857           0.0000     13.8498   -12.2024   1.0914    2.7094    1.0000    0.5187
  4926.10    8.2437    8.8808           0.0000     13.8320   -12.3977   0.0278    2.7094    0.9860    0.5121
  4926.10    8.3534    8.7414           0.0000     14.0347   -12.4390   1.8045    2.7094    0.9999    0.5214
  4926.20    8.3521    8.8222           0.0000     13.8315   -12.2495   1.7026    2.7094    0.9990    0.5158
  4926.20    8.2722    8.7101           0.0000     13.8307   -12.2355   1.6182    2.7094    0.9989    0.5167
  4926.30    8.3773    8.9584           0.0000     14.0268   -12.4001   2.0792    2.7094    0.9996    0.5208
  4926.50    8.4280    8.8278           0.0000     14.0357   -12.1680   2.0662    2.7094    0.9990    0.5309
  4927.10    8.4116    9.0138           0.0000     14.2253   -12.4598   2.8036    2.7094    0.9997    0.5253
  4927.70    8.1030    8.6057           0.0000     13.6661   -12.3703   0.4478    2.7094    1.0000    0.4971
  4934.00    8.7481   10.5026           0.0000     15.0368   -12.4786   0.0102    2.7094    0.6223    0.4901
  4935.30    9.0054    9.8352           0.0000     15.0766   -11.6413   0.0100    2.7094    0.9909    0.5376
  4937.20   10.2210    9.4029           0.0000     15.1946   -12.4547   0.0100    2.7094    0.6991    0.5273
  4941.20    7.8074    8.5949           0.0000     13.5562   -13.0719   0.0129    2.7094    0.9549    0.4715
  4942.20    7.6693    8.6901           0.0000     15.0491   -12.7181   5.9157    2.7094    0.9742    0.5200
  4942.40    8.3071    8.4493           0.0000     14.4613   -12.3389   0.0103    2.7094    0.9042    0.5146
  4963.00    8.7087    9.2099           0.0000     14.9196   -12.6033   0.0104    2.7094    0.7557    0.5198
  4968.00    8.0746    8.9756           0.0000     14.6391   -12.3824   0.0364    2.7094    0.7810    0.5293
  4980.60    8.6755    8.9047           0.0000     14.9882   -12.5675   0.0117    2.7094    0.5994    0.5255
  4987.40    8.1871    8.4458           0.0000     14.9835   -13.2715   0.0107    2.7094    0.5797    0.5155
  4987.40    8.1059    9.1408           0.0000     15.3924   -12.9923   0.0102    2.7094    0.5473    0.5132
  4995.10    8.8864    8.8689           0.0000     15.6877   -13.1359   0.0100    2.7094    0.5578    0.5238
  5001.80    7.8256    8.5162           0.0000     14.4434   -12.7723   0.0455    2.7094    0.5999    0.4911
  5011.20    8.2810    8.5702           0.0000     14.9870   -12.8940   0.0102    2.7094    0.1107    0.5268
  5013.60    7.9566    8.7894           0.0000     15.0434   -12.8541   0.0277    2.7094    0.2559    0.5107
  5015.10    8.5231    9.6800           0.0000     15.8696   -12.8546   0.0280    2.7094    0.1642    0.5267
  5015.20    7.7325    8.9074           0.0000     15.1325   -12.8875   0.0116    2.7094    0.1063    0.5172
  5015.90    7.9015    8.4114           0.0000     14.9045   -13.1580   0.0147    2.7094    0.0523    0.4937
  5018.80    8.1487    8.8222           0.0000     15.2359   -12.9627   1.5428    2.7094    0.2901    0.5218
  5021.50    8.3093    8.8863           0.0000     15.2818   -12.9888   1.1620    2.7094    0.1705    0.5276
  5022.00    8.1628    8.9243           0.0000     15.5056   -13.0294   2.5304    2.7094    0.1307    0.5325
  5022.30    8.1149    8.8456           0.0000     15.3262   -12.9199   1.7921    2.7094    0.0999    0.5342
  5023.00    8.1341    8.9046           0.0000     15.5141   -12.9023   2.2509    2.7094    0.0052    0.5370
  5023.10    8.2069    8.8857           0.0000     15.2741   -12.9155   0.6737    2.7094    0.0254    0.5314

  4923.35    8.4093    9.1240           0.0000     13.8802   -12.3163   0.4521    2.7094    0.9899    0.5137
