  5042.80    8.5802    9.1386           0.0000     33.4264   -21.2103   0.0110    1.8928    0.9434    0.4315
  5043.70    8.6922    8.9087           0.0000     33.1460   -22.2412   0.0106    1.8928    0.8776    0.4337
  5043.80    8.6336    8.7015           0.0000     33.1113   -21.4204   0.0151    1.8928    0.8686    0.4353
  5044.40    8.8008    8.7260           0.0000     33.6905   -21.0692   0.0129    1.8928    0.8514    0.4368
  5044.50    8.6353    8.8551           0.0000     32.5508   -20.6709   0.0103    1.8928    0.9627    0.4602
  5044.50    8.7391    8.7788           0.0000     33.8926   -21.7749   0.0118    1.8928    0.8817    0.4306
  5044.50    8.8930    8.7017           0.0000     33.7409   -21.1546   0.0103    1.8928    0.8057    0.4431
  5045.10    8.9678    8.7416           0.0000     33.0217   -20.8384   0.0207    1.8928    0.8768    0.4403
  5045.70    8.7304    8.8225           0.0000     32.7908   -21.3780   1.2326    1.8928    0.9360    0.4298
  5045.70    8.7594    8.8707           0.0000     32.8522   -21.2691   1.6550    1.8928    0.9442    0.4333
  5045.80    8.7002    8.8356           0.0000     33.1494   -21.4110   1.5696    1.8928    0.9199    0.4326
  5045.80    8.7191    8.8736           0.0000     32.8741   -21.2716   1.8664    1.8928    0.9336    0.4333
  5045.80    8.7639    8.8844           0.0000     32.7092   -21.3052   0.3643    1.8928    0.9432    0.4330
  5045.80    8.7556    8.8791           0.0000     32.9150   -21.4531   1.0098    1.8928    0.9292    0.4258
  5045.90    8.8287    8.8195           0.0000     32.9643   -21.4196   0.5686    1.8928    0.9211    0.4303
  5045.90    8.6926    8.8290           0.0000     32.7561   -21.4335   0.3304    1.8928    0.9318    0.4295
  5046.00    8.7716    8.8837           0.0000     33.0318   -21.2215   0.1844    1.8928    0.9407    0.4359
  5046.00    8.6450    8.8759           0.0000     32.8048   -21.3148   1.8376    1.8928    0.9443    0.4335
  5046.00    8.8024    8.9517           0.0000     32.5381   -21.0793   1.7749    1.8928    0.9658    0.4354
  5046.00    8.6916    8.7999           0.0000     32.7581   -21.5145   1.9613    1.8928    0.9350    0.4334
  5046.00    8.7585    8.8831           0.0000     32.9689   -21.3898   1.9285    1.8928    0.9390    0.4279
  5046.00    8.7720    8.8420           0.0000     33.2198   -21.3568   1.4347    1.8928    0.9141    0.4346
  5046.10    8.8446    8.8290           0.0000     33.1457   -21.5823   0.4318    1.8928    0.9208    0.4245
  5046.10    8.7695    8.8545           0.0000     33.1252   -21.5611   0.8006    1.8928    0.9047    0.4328
  5046.10    8.6891    8.8379           0.0000     32.9663   -21.3379   2.1579    1.8928    0.9493    0.4375
  5046.10    8.7048    8.8340           0.0000     33.0803   -21.2032   2.0376    1.8928    0.9255    0.4402
  5046.20    8.7962    8.8216           0.0000     33.0016   -21.2984   2.1070    1.8928    0.9327    0.4414
  5046.40    8.7634    8.7407           0.0000     33.0794   -21.2878   2.5927    1.8928    0.9342    0.4353
  5046.50    8.6174    8.6075           0.0000     33.1749   -21.5622   2.2807    1.8928    0.9103    0.4344
  5046.60    8.8217    8.9178           0.0000     32.6008   -21.0527   2.0592    1.8928    0.9892    0.4305
  5046.90    8.5791    8.8565           0.0000     34.0189   -21.8104   0.0109    1.8928    0.7493    0.4299
  5047.00    8.8129    8.9368           0.0000     33.4035   -21.0145   1.1376    1.8928    0.8769    0.4427
  5047.10    8.6042    8.6945           0.0000     33.3323   -21.7413   1.3848    1.8928    0.8614    0.4252
  5047.20    8.7814    8.8686           0.0000     33.4096   -20.7630   2.2417    1.8928    0.8969    0.4495
  5047.30    8.7335    8.8811           0.0000     33.4539   -21.2212   0.5675    1.8928    0.8643    0.4327
  5047.30    8.7881    8.8975           0.0000     33.6229   -20.9579   1.8862    1.8928    0.8588    0.4424
  5048.30    8.7094    8.8614           0.0000     33.8059   -21.1924   2.7658    1.8928    0.8414    0.4461
  5048.60    8.6643    8.9022           0.0000     33.0862   -22.3291   1.7052    1.8928    0.8855    0.4318
  5049.60    8.6106    8.3568           0.0000     34.5813   -22.6133   0.0184    1.8928    0.8509    0.4275
  5049.70    8.8104    8.4891           0.0000     33.6193   -21.4404   0.1737    1.8928    0.8213    0.4279
  5058.30    8.3955    8.9115           0.0000     34.3356   -22.3294   0.0139    1.8928    0.5590    0.4201
  5060.40    8.7341    8.4698           0.0000     35.0209   -21.7769   0.0213    1.8928    0.5380    0.4411
  5060.60    8.4127    8.6018           0.0000     35.2246   -21.8143   0.0111    1.8928    0.4753    0.4422
  5063.90    8.4016    8.3239           0.0000     34.8829   -22.0504   0.0101    1.8928    0.4908    0.4152
  5066.70    8.5298    8.8242           0.0000     35.1456   -21.9420   0.1883    1.8928    0.3762    0.4362
  5066.90    8.5729    8.7100           0.0000     35.2377   -21.8896   1.2865    1.8928    0.3568    0.4438
  5068.40    8.3501    8.4295           0.0000     35.4136   -22.4988   0.0100    1.8928    0.1811    0.4130
  5069.40    8.5089    8.7275           0.0000     35.5371   -22.0652   0.4476    1.8928    0.2558    0.4408
  5069.70    8.5015    8.7483           0.0000     35.6902   -22.1730   2.1823    1.8928    0.2539    0.4356
  5070.80    8.5325    8.6705           0.0000     35.6474   -21.9926   2.2255    1.8928    0.1438    0.4445

  5045.18    8.7401    8.8439           0.0000     33.0362   -21.3226   0.7229    1.8928    0.9156    0.4349
