  4799.10    4.0423    6.0918           0.0000     19.2347    -9.7229   4.4520    2.0902    1.0000    0.6915
  4799.10    4.0979    6.2017           0.0000     19.2652    -9.7071   4.3809    2.0902    0.9999    0.6822
  4799.20    4.0362    6.1086           0.0000     19.2613    -9.8256   4.4670    2.0902    0.9999    0.6903
  4799.30    3.9977    6.1035           0.0000     19.1718    -9.6737   4.4890    2.0902    0.9994    0.6832
  4799.30    3.9938    6.0609           0.0000     19.4079    -9.8117   4.7315    2.0902    0.9999    0.6934
  4799.30    4.1411    6.0133           0.0000     19.0446    -9.6502   4.3025    2.0902    1.0000    0.6909
  4799.50    3.9874    5.9812           0.0000     19.2103    -9.7236   4.5835    2.0902    0.9999    0.6824
  4799.60    3.9603    6.0347           0.0000     19.2549    -9.7211   4.5247    2.0902    0.9997    0.6804
  4799.80    4.1467    6.0725           0.0000     18.9794    -9.6775   4.2499    2.0902    1.0000    0.6891
  4800.00    4.2578    6.0909           0.0000     19.0245    -9.8468   4.1460    2.0902    1.0000    0.6741
  4800.00    4.0181    6.1226           0.0000     19.0160    -9.7054   4.2808    2.0902    0.9999    0.6681
  4800.00    4.1569    6.1151           0.0000     19.0446    -9.7996   4.1512    2.0902    0.9999    0.6740
  4800.10    3.7695    6.1152           0.0000     19.2288    -9.6734   4.6565    2.0902    0.9998    0.6868
  4800.10    4.1635    6.0295           0.0000     18.9107    -9.6251   4.1632    2.0902    0.9995    0.6784
  4800.10    4.0226    6.0534           0.0000     18.8042    -9.6540   4.2083    2.0902    0.9999    0.6887
  4800.20    4.0202    6.0026           0.0000     19.2779    -9.8310   4.7552    2.0902    0.9985    0.6799
  4800.20    4.3416    6.1781           0.0000     19.2271    -9.6477   4.2885    2.0902    0.9999    0.6765
  4800.20    3.9335    5.9319           0.0000     19.4387    -9.7713   4.8468    2.0902    0.9997    0.6823
  4800.30    4.2593    6.1573           0.0000     19.0218    -9.6200   4.3143    2.0902    0.9995    0.6780
  4800.40    4.0136    6.1185           0.0000     19.6152    -9.8547   4.7487    2.0902    1.0000    0.6742
  4800.50    3.9151    6.0187           0.0000     19.0494    -9.7436   4.4091    2.0902    0.9987    0.6697
  4800.70    4.1516    6.1907           0.0000     19.1096    -9.8621   4.5242    2.0902    0.9994    0.6667
  4800.90    3.9843    5.8423           0.0000     19.4018    -9.7703   4.8545    2.0902    0.9994    0.6836
  4801.00    4.3797    6.1813           0.0000     19.0667    -9.6172   3.8684    2.0902    0.9998    0.6856
  4801.30    3.8021    6.2160           0.0000     19.2796    -9.8201   4.6314    2.0902    0.9993    0.7006
  4801.80    3.9247    6.0097           0.0000     19.0776    -9.7387   4.5693    2.0902    0.9944    0.6711
  4802.50    3.6846    5.7534           0.0000     19.2464    -9.8547   4.6067    2.0902    0.9995    0.6842
  4803.50    4.4135    5.8922           0.0000     18.7725    -9.7091   4.1098    2.0902    0.9973    0.6801
  4804.40    4.3829    6.2225           0.0000     18.9078    -9.4557   4.0018    2.0902    0.9923    0.6681
  4804.50    4.5783    6.5649           0.0000     19.4671    -9.6369   4.1531    2.0902    0.9995    0.6965
  4804.70    4.5152    6.1431           0.0000     18.7959    -9.7640   3.5866    2.0902    0.9948    0.6590
  4804.80    4.5832    6.6162           0.0000     19.3155    -9.4870   3.8814    2.0902    0.9986    0.6696
  4804.90    4.2106    5.9714           0.0000     18.7182    -9.5952   3.8595    2.0902    0.9916    0.6632
  4815.70    4.8711    6.2057           0.0000     18.1951    -9.6301   2.1359    2.0902    0.9953    0.6596
  4820.90    5.2777    6.5108           0.0000     18.2311    -9.2013   0.4704    2.0902    1.0000    0.6598
  4821.70    5.2995    6.5272           0.0000     18.0787    -9.2184   0.2166    2.0902    0.9994    0.6560
  4823.50    3.3750    5.7190           0.0000     19.3122    -9.9826   4.8145    2.0902    0.9925    0.6165
  4831.90    3.8193    6.0063           0.0000     19.7383    -9.9689   4.3247    2.0902    0.8934    0.7102
  4927.30    3.8064    6.1936           0.0000     23.5619   -10.5510   5.0651    2.0902    0.2402    0.7251
  4929.70    3.8699    6.1405           0.0000     23.7133   -10.4793   5.1868    2.0902    0.1817    0.7221
  4929.80    3.6560    6.1594           0.0000     23.3505   -10.5933   4.9592    2.0902    0.2037    0.7258
  4930.30    3.6948    6.2209           0.0000     24.0091   -10.5790   5.4842    2.0902    0.1749    0.7275
  4930.60    3.8400    6.1780           0.0000     23.6384   -10.4626   5.1340    2.0902    0.1215    0.7282
  4930.70    3.9051    6.2100           0.0000     23.6470   -10.4577   5.0961    2.0902    0.1162    0.7259
  4930.80    3.7908    6.1251           0.0000     23.5296   -10.5210   5.1661    2.0902    0.1099    0.7268
  4932.00    3.9352    6.2078           0.0000     23.6925   -10.3865   5.0620    2.0902    0.0559    0.7287
  4932.70    3.8736    6.1673           0.0000     23.7521   -10.4383   5.1577    2.0902    0.0184    0.7286
  4932.90    3.6606    6.2351           0.0000     23.7288   -10.4122   5.3026    2.0902    0.0294    0.7327
  4932.90    3.8555    6.1639           0.0000     23.6289   -10.4732   4.9785    2.0902    0.0099    0.7275
  4936.30    3.9929    6.3136           0.0000     24.0920   -10.7232   5.8215    2.0902    0.0723    0.7122

  4799.79    4.0680    6.0792           0.0000     19.1720    -9.7271   4.4370    2.0902    0.9998    0.6822
