 30223.90    5.5716    9.8776           0.0000     46.4631     0.0070   0.6580    3.3234    0.0000
 30234.40    4.7358   10.9817           0.0000     42.0848     0.0071   0.4047    3.3234    0.0000
 30235.60    5.2487   10.8439           0.0000     52.4844     0.1977   1.0000    3.3234    0.0000
 30235.70    5.3924   10.8450           0.0000     52.5556     0.2053   0.9996    3.3234    0.0000
 30235.70    5.3913   10.8447           0.0000     52.1382     0.2104   0.9996    3.3234    0.0000
 30235.80    5.3956   10.8448           0.0000     52.2971     0.1966   0.9993    3.3234    0.0000
 30236.00    5.3916   10.8450           0.0000     50.7600     0.2159   0.9988    3.3234    0.0000
 30236.20    5.2482   10.8479           0.0000     49.6698     0.1937   0.9984    3.3234    0.0000
 30236.50    5.2555   10.8637           0.0000     52.5852     0.1852   0.9990    3.3234    0.0000
 30236.50    5.3906   10.8345           0.0000     55.3743     0.2193   0.9999    3.3234    0.0000
 30236.70    5.3926   10.8429           0.0000     50.0530     0.2099   0.9956    3.3234    0.0000
 30236.80    5.3926   10.8507           0.0000     48.2510     0.1962   0.9995    3.3234    0.0000
 30236.90    5.3908   10.6939           0.0000     48.4820     0.2151   0.9972    3.3234    0.0000
 30237.00    5.3918   11.0035           0.0000     51.9591     0.2063   1.0000    3.3234    0.0000
 30237.90    5.3775   10.8238           0.0000     54.7364     0.2964   0.9916    3.3234    0.0000
 30239.20    5.3398   10.9482           0.0000     51.5084     0.5069   0.9994    3.3234    0.0000
 30239.20    5.3929   10.8420           0.0000     46.4647     0.2049   0.9908    3.3234    0.0000
 30239.90    5.2890   10.8710           0.0000     52.9815     0.8223   0.9998    3.3234    0.0000
 30239.90    5.2705   10.8436           0.0000     52.9188     0.9316   0.9996    3.3234    0.0000
 30240.00    5.2781   10.8800           0.0000     52.0949     0.8702   0.9992    3.3234    0.0000
 30240.60    5.3924   10.8477           0.0000     42.8157     0.2027   0.9982    3.3234    0.0000
 30240.90    5.1707   10.7251           0.0000     54.1959     1.6578   0.9965    3.3234    0.0000
 30241.10    5.3929   10.6823           0.0000     41.6134     0.1987   0.9957    3.3234    0.0000
 30241.30    5.2507   10.8368           0.0000     40.4960     0.1834   0.9991    3.3234    0.0000
 30241.60    5.1335   10.5359           0.0000     51.2075     0.2403   1.0000    3.3234    0.0000
 30241.70    5.3890   10.9662           0.0000     59.3284     0.2265   0.9935    3.3234    0.0000
 30242.00    5.3939   10.6836           0.0000     39.6792     0.2052   0.9997    3.3234    0.0000
 30242.90    5.2498   10.2340           0.0000     52.9982     0.1800   0.9989    3.3234    0.0000
 30243.10    5.1036   10.3818           0.0000     51.4551     0.2008   0.9819    3.3234    0.0000
 30243.90    5.2059   10.3628           0.0000     53.8660     0.3498   0.9970    3.3234    0.0000
 30245.20    5.3964   10.5271           0.0000     39.9247     0.1865   0.9833    3.3234    0.0000
 30245.30    5.2500   10.5133           0.0000     43.1558     0.1791   0.9602    3.3234    0.0000
 30248.60    5.2528   10.6583           0.0000     44.3711     0.1707   0.9390    3.3234    0.0000
 30249.70    5.2492   10.2275           0.0000     39.7464     0.1852   0.9844    3.3234    0.0000
 30251.70    5.1442   10.2239           0.0000     59.1910     0.1865   0.9693    3.3234    0.0000
 30255.20    5.2442   10.6579           0.0000     40.1287     0.2245   0.9166    3.3234    0.0000
 30265.20    5.1084   10.0463           0.0000     41.9256     0.2588   0.9017    3.3234    0.0000
 30287.50    5.2517   10.1845           0.0000     50.2473     0.1474   0.6469    3.3234    0.0000
 30288.80    5.1051   10.0374           0.0000     47.1404     0.1747   0.6218    3.3234    0.0000
 30290.20    5.2454   10.3272           0.0000     45.7450     0.2173   0.5916    3.3234    0.0000
 30294.20    5.3957   10.0388           0.0000     56.1322     0.1570   0.5795    3.3234    0.0000
 30296.60    5.2532    9.8940           0.0000     57.2840     0.1293   0.0142    3.3234    0.0000
 30297.20    5.2526   10.0388           0.0000     57.3784     0.1453   0.2181    3.3234    0.0000
 30297.30    5.2553    9.8939           0.0000     55.4065     0.1409   0.1687    3.3234    0.0000
 30297.30    5.2516   10.0405           0.0000     59.6896     0.1464   0.2276    3.3234    0.0000
 30297.30    5.2535    9.7497           0.0000     57.5360     0.1295   0.0123    3.3234    0.0000
 30297.50    5.2537   10.0401           0.0000     56.1782     0.1392   0.0388    3.3234    0.0000
 30298.00    5.2495   10.1819           0.0000     52.4614     0.1777   0.3618    3.3234    0.0000
 30298.10    5.1065    9.8944           0.0000     53.9235     0.1572   0.0865    3.3234    0.0000
 30298.50    5.2503   10.0372           0.0000     50.8286     0.1767   0.2622    3.3234    0.0000
 30298.80    5.2436   10.1758           0.0000     48.6792     0.2294   0.3393    3.3234    0.0000
 30298.90    5.2473    9.8925           0.0000     53.0500     0.1856   0.0844    3.3234    0.0000
 30299.20    5.2479   10.0351           0.0000     50.2841     0.1922   0.2270    3.3234    0.0000
 30299.50    5.2503   10.1864           0.0000     52.3337     0.1744   0.2127    3.3234    0.0000
 30299.60    5.2506   10.1826           0.0000     53.2681     0.1670   0.1411    3.3234    0.0000
 30299.80    5.1067   10.1829           0.0000     54.2054     0.1563   0.0786    3.3234    0.0000
 30299.90    5.2508   10.1821           0.0000     53.0385     0.1663   0.0108    3.3234    0.0000
 30300.20    5.2166   10.1539           0.0000     47.7181     0.3764   0.3819    3.3234    0.0000
 30301.10    5.0925   10.3144           0.0000     46.8492     0.2709   0.3200    3.3234    0.0000
 30303.10    5.1939   10.2778           0.0000     48.0362     0.4840   0.3058    3.3234    0.0000

 30262.47    5.2681   10.4547           0.0000     50.3229     0.2596   0.6929    3.3234    0.0000
