  4531.30    3.2048    6.4420           0.0000     21.7431     0.0080   0.9992    2.0976    0.0000
  4531.90    2.5357    6.1629           0.0000     21.8272     2.0907   1.0000    2.0976    0.0000
  4532.00    2.5176    6.1321           0.0000     21.8669     2.1553   0.9997    2.0976    0.0000
  4532.00    2.4930    6.1460           0.0000     22.0204     2.1660   0.9999    2.0976    0.0000
  4532.10    2.6155    6.1566           0.0000     21.6294     1.9081   0.9997    2.0976    0.0000
  4532.40    2.3909    6.0489           0.0000     21.9126     2.2806   0.9976    2.0976    0.0000
  4532.50    2.4528    6.1295           0.0000     21.8579     2.2428   0.9946    2.0976    0.0000
  4532.70    2.6703    6.2212           0.0000     21.8606     1.7713   0.9954    2.0976    0.0000
  4534.20    3.0824    6.3624           0.0000     21.6193     0.6021   1.0000    2.0976    0.0000
  4534.40    3.1217    6.3016           0.0000     21.6146     0.3683   0.9998    2.0976    0.0000
  4535.60    2.2299    6.0008           0.0000     22.1312     2.5214   0.9738    2.0976    0.0000
  4538.90    3.0815    6.3292           0.0000     22.3701     0.0178   0.9285    2.0976    0.0000
  4540.80    2.5193    5.7230           0.0000     22.5881     2.4374   0.9447    2.0976    0.0000
  4543.20    1.6692    6.1105           0.0000     22.0837     2.8032   0.9802    2.0976    0.0000
  4546.60    2.3738    5.9547           0.0000     22.8041     2.1528   0.8667    2.0976    0.0000
  4546.80    2.9849    5.9312           0.0000     22.3945     1.1789   0.8868    2.0976    0.0000
  4548.10    2.2918    6.1249           0.0000     23.1768     2.4873   0.8526    2.0976    0.0000
  4550.80    3.0212    6.1379           0.0000     22.7942     1.3571   0.8379    2.0976    0.0000
  4558.50    2.2099    5.7101           0.0000     23.6773     2.4525   0.7639    2.0976    0.0000
  4563.40    3.5341    5.6638           0.0000     23.7321     0.0107   0.8064    2.0976    0.0000
  4577.50    2.4996    5.9284           0.0000     25.3377     2.1586   0.4488    2.0976    0.0000
  4582.00    3.1439    6.0287           0.0000     26.1425     0.0225   0.2751    2.0976    0.0000
  4582.50    3.4940    6.0464           0.0000     26.3669     0.0083   0.3348    2.0976    0.0000
  4604.90    3.0083    5.8031           0.0000     48.9532     0.4764   1.0000    2.0976    0.0000
  4604.90    2.9482    5.8236           0.0000     37.7541     1.3501   0.9911    2.0976    0.0000
  4605.10    3.0085    5.7975           0.0000     46.2308     0.5040   0.9997    2.0976    0.0000
  4605.70    2.8088    5.7570           0.0000     51.7363     1.3459   0.9933    2.0976    0.0000
  4607.90    2.9858    5.6628           0.0000     48.6609     0.0051   0.9106    2.0976    0.0000
  4613.60    3.0327    5.7332           0.0000     51.0982     0.1274   0.1833    2.0976    0.0000
  4613.60    3.0288    5.7331           0.0000     54.7143     0.1260   0.5146    2.0976    0.0000

  4539.91    2.6500    6.0895           0.0000     22.2852     1.6506   0.9414    2.0976    0.0000
