  5900.80    3.0715    9.6629           0.0000     34.5389     0.0359   0.9429    3.1069    0.0000
  5900.80    3.0708    9.8117           0.0000     34.2536     0.0405   0.9812    3.1069    0.0000
  5900.80    2.9448    9.8137           0.0000     34.2204     0.0395   0.9796    3.1069    0.0000
  5900.90    2.9451    9.8138           0.0000     33.9992     0.0373   0.9778    3.1069    0.0000
  5900.90    3.0660    9.8198           0.0000     33.9147     0.0365   0.9860    3.1069    0.0000
  5900.90    2.9422    9.6726           0.0000     34.5244     0.0461   0.9715    3.1069    0.0000
  5900.90    3.0635    9.6788           0.0000     34.3672     0.0409   0.9866    3.1069    0.0000
  5901.00    2.9520    9.8201           0.0000     34.0478     0.0451   0.9927    3.1069    0.0000
  5901.00    3.0711    9.5325           0.0000     34.4321     0.0383   0.9586    3.1069    0.0000
  5901.00    3.0732    9.8268           0.0000     33.7349     0.0510   0.9918    3.1069    0.0000
  5901.20    2.9785    9.8145           0.0000     34.2955     0.0526   0.9897    3.1069    0.0000
  5901.30    2.9892    9.7175           0.0000     34.4397     0.1073   0.9522    3.1069    0.0000
  5901.30    3.0801    9.8257           0.0000     34.1435     0.0653   0.9936    3.1069    0.0000
  5901.40    2.9998    9.7188           0.0000     34.3280     0.1174   0.9546    3.1069    0.0000
  5901.40    2.9888    9.7211           0.0000     34.4935     0.1481   0.9531    3.1069    0.0000
  5901.50    2.9876    9.8062           0.0000     34.0786     0.1662   0.9790    3.1069    0.0000
  5901.70    3.0728    9.6421           0.0000     35.6096     0.0317   0.8506    3.1069    0.0000
  5902.00    2.7361    9.8286           0.0000     33.9363     0.0598   0.9921    3.1069    0.0000
  5902.60    3.0692    9.4976           0.0000     35.4138     0.0383   0.7726    3.1069    0.0000
  5902.70    2.9430    9.7440           0.0000     35.3352     0.0326   0.7548    3.1069    0.0000
  5902.70    2.9420    9.6134           0.0000     35.5456     0.0369   0.7488    3.1069    0.0000
  5903.70    2.6937    9.6103           0.0000     35.6151     0.0349   0.7010    3.1069    0.0000
  5904.40    3.0710    9.5156           0.0000     56.8988     0.0132   0.9961    3.1069    0.0000
  5905.20    2.9428    9.2924           0.0000     52.3452     0.0054   0.9911    3.1069    0.0000
  5905.40    2.9454    9.7336           0.0000     35.6159     0.0426   0.5956    3.1069    0.0000
  5906.80    2.9469    9.4701           0.0000     36.6259     0.0430   0.4320    3.1069    0.0000
  5907.00    2.6967    9.4734           0.0000     36.7439     0.0424   0.4443    3.1069    0.0000
  5907.10    2.9534    9.4711           0.0000     36.4132     0.0442   0.3933    3.1069    0.0000
  5908.20    2.9605    9.4705           0.0000     36.1747     0.0599   0.2414    3.1069    0.0000
  5908.30    2.9858    9.5208           0.0000     36.6293     0.1013   0.2830    3.1069    0.0000

  5901.30    3.0023    9.7384           0.0000     34.4053     0.0615   0.9480    3.1069    0.0000
