********* No lapse, no motor ********
 30091.00    4.9264    8.7967           0.0000     49.9866     0.0057   0.9629    3.3234    1.9018
 30091.00    5.0688    8.9373           0.0000     48.8271     0.0057   0.9613    3.3234    1.5552
 30092.20    4.8576    8.4017           0.0000     59.9725     0.0055   0.3247    3.3234    2.4234
 30092.60    4.9404    8.4379           0.0000     59.9996     0.0137   0.0445    3.3234    2.3464
 30093.00    4.8541    8.4950           0.0000     57.6883     0.0056   0.2753    3.3234    2.2951
 30093.90    4.8972    8.4208           0.0000     59.6183     0.0895   0.0303    3.3234    2.3919
 30094.00    4.9105    8.4087           0.0000     59.6380     0.1084   0.0260    3.3234    2.2565
 30094.70    4.9186    8.4223           0.0000     58.3004     0.0495   0.1463    3.3234    2.3092
 30095.80    4.9584    8.4210           0.0000     56.8316     0.0452   0.2129    3.3234    2.3926
 30096.00    4.9399    8.3859           0.0000     56.7158     0.0468   0.2176    3.3234    2.2060
 30096.50    4.9175    8.4223           0.0000     58.4665     0.0459   0.2634    3.3234    2.3925
 30096.70    4.9259    8.4791           0.0000     56.8847     0.1656   0.2084    3.3234    2.1228
 30097.80    4.9064    8.4213           0.0000     58.9255     0.0430   0.3265    3.3234    2.3917
 30098.30    5.0691    8.5473           0.0000     53.7843     0.0065   0.0102    3.3234    2.3356
 30098.60    4.8672    8.4212           0.0000     54.7249     0.0781   0.3461    3.3234    2.3918
 30098.70    5.0469    8.8688           0.0000     52.5939     0.0901   0.9986    3.3234    1.8519
 30099.00    5.0020    8.8846           0.0000     50.1834     0.1981   0.9950    3.3234    1.8266
 30100.10    4.9784    8.8489           0.0000     52.7630     0.4518   0.9967    3.3234    1.9916
 30100.20    5.0123    8.7816           0.0000     43.0649     0.0463   1.0000    3.3234    1.9517
 30100.60    4.9903    8.4027           0.0000     48.7044     0.0063   0.6991    3.3234    2.4063
 30100.80    4.9948    8.8566           0.0000     45.7350     0.4056   0.9970    3.3234    1.8071
 30101.20    5.0481    9.0114           0.0000     45.1556     0.1648   0.9999    3.3234    1.5087
 30102.00    4.9886    9.0091           0.0000     50.3239     0.5263   0.9990    3.3234    1.4028
 30104.80    4.9934    8.3909           0.0000     44.3791     0.0052   0.1914    3.3234    2.0230
 30105.70    4.8556    8.5050           0.0000     52.2169     0.0392   0.5828    3.3234    2.2546
 30106.30    4.8821    8.2843           0.0000     50.8592     0.0055   0.6642    3.3234    2.6446
 30108.60    4.9011    8.4464           0.0000     49.3521     0.2830   0.6321    3.3234    2.3941
 30110.00    5.2356    8.7301           0.0000     51.5374     0.0060   0.0222    3.3234    1.4146
 30119.50    5.1195    8.7625           0.0000     50.4170     0.0066   0.4079    3.3234    1.0960
 30126.40    5.1702    9.1592           0.0000     48.4894     0.0420   0.9106    3.3234    0.7295

 30100.20    4.9726    8.6120           0.0000     52.8713     0.0997   0.5151    3.3234    2.0339

********* Lapse, no motor ********
 30028.10    3.8675    7.7552           0.0159     59.7577     2.6137   0.0195    3.3234    2.9990
 30028.10    3.7453    7.7001           0.0168     59.7261     2.8517   0.0201    3.3234    2.9829
 30028.20    3.8545    7.7750           0.0159     59.6724     2.6728   0.0229    3.3234    2.8301
 30028.20    3.8496    7.7565           0.0160     59.3378     2.6461   0.0459    3.3234    2.9790
 30028.50    3.8336    7.7483           0.0164     58.9400     2.6719   0.0779    3.3234    2.9992
 30028.70    3.9724    7.8558           0.0151     59.9238     2.5062   0.0114    3.3234    2.7210
 30028.90    3.9157    7.7848           0.0152     58.5744     2.5013   0.1046    3.3234    2.9025
 30028.90    3.9656    7.7999           0.0161     59.9231     2.5628   0.0722    3.3234    2.8972
 30029.00    3.9792    7.8317           0.0144     58.7865     2.4142   0.0915    3.3234    2.8084
 30030.30    3.6675    7.5785           0.0174     57.4136     2.8836   0.1749    3.3234    3.1974
 30030.70    3.7143    7.5982           0.0181     59.9927     2.9452   0.2090    3.3234    3.0807
 30030.80    4.5743    7.9178           0.0115     54.1001     0.0057   0.1302    3.3234    3.0843
 30030.90    4.2956    8.0238           0.0118     58.9808     1.6511   0.0707    3.3234    2.7039
 30031.20    4.6088    8.1574           0.0107     59.9895     0.0438   0.0153    3.3234    2.6239
 30031.30    3.9178    7.8554           0.0135     58.7405     2.5540   0.2488    3.3234    2.8877
 30032.90    4.2232    7.9188           0.0143     55.7096     1.9361   0.2524    3.3234    2.7078
 30033.00    4.4967    8.0584           0.0129     49.7527     0.0056   0.3155    3.3234    3.1546
 30034.70    3.9995    7.7587           0.0129     59.8671     2.4297   0.3723    3.3234    2.9017
 30036.30    4.5943    8.1423           0.0114     54.9010     0.3974   0.1564    3.3234    2.7953
 30040.50    4.5575    8.1724           0.0153     52.8341     0.0347   0.4479    3.3234    2.7162
 30042.10    4.5807    8.5096           0.0080     46.4535     0.0056   0.6312    3.3234    2.4071
 30042.20    4.6196    8.3047           0.0121     48.5079     0.0078   0.7627    3.3234    2.8108
 30045.10    3.6881    8.0290           0.0149     52.2193     3.1412   0.9933    3.3234    2.6249
 30047.20    3.6871    8.0088           0.0157     42.7156     3.0946   0.9913    3.3234    2.6549
 30048.90    4.5000    8.0424           0.0116     48.2390     0.9841   0.6822    3.3234    2.7946
 30049.90    4.4466    8.4653           0.0102     53.4873     1.6457   0.9986    3.3234    2.3111
 30049.90    4.1554    8.1074           0.0116     46.3106     2.1259   0.7715    3.3234    2.6168
 30050.20    4.5369    8.1899           0.0100     47.6074     0.4499   0.7111    3.3234    2.6840
 30054.60    4.5494    8.2878           0.0109     44.5836     0.6328   0.8479    3.3234    2.5297
 30083.70    4.8442    9.3637           0.0039     44.6044     0.0063   0.9608    3.3234    0.4139

 30037.77    4.1747    8.0166           0.0134     54.3884     1.6807   0.3737    3.3234    2.7274

********* No lapse, motor ********
********* Lapse, motor ********
