********* No lapse, no motor ********
 30126.00    5.3271    9.8390           0.0000     45.8895     0.0085   0.9968    3.3234    0
 30127.40    5.3181    9.4251           0.0000     43.3641     0.0061   0.9997    3.3234
 30129.20    5.4462    9.7089           0.0000     46.9875     0.0072   0.9904    3.3234
 30133.30    5.0599    9.2228           0.0000     47.5807     0.0061   0.9978    3.3234
 30137.60    5.2010    9.5843           0.0000     49.2657     0.0469   1.0000    3.3234
 30137.60    5.2012    9.5831           0.0000     49.2701     0.0463   1.0000    3.3234
 30137.60    5.2011    9.5876           0.0000     49.7715     0.0476   1.0000    3.3234
 30137.60    5.2011    9.5842           0.0000     49.7798     0.0462   1.0000    3.3234
 30137.70    5.2013    9.5964           0.0000     49.0818     0.0508   1.0000    3.3234
 30137.90    5.2029    9.6086           0.0000     49.5420     0.0468   0.9988    3.3234
 30137.90    5.1984    9.5642           0.0000     51.1979     0.0455   0.9990    3.3234
 30138.30    5.3262    9.5700           0.0000     50.1778     0.0497   0.9998    3.3234
 30138.40    5.2030    9.5812           0.0000     48.6345     0.0836   0.9999    3.3234
 30138.40    5.2390    9.5855           0.0000     49.4692     0.0670   1.0000    3.3234
 30138.40    5.2456    9.5872           0.0000     50.1464     0.0814   1.0000    3.3234
 30138.50    5.2452    9.5999           0.0000     49.6328     0.1101   0.9999    3.3234
 30138.90    5.2222    9.6153           0.0000     50.7838     0.2304   0.9995    3.3234
 30158.50    5.0804    9.5207           0.0000     39.7409     0.0526   0.9385    3.3234
 30161.60    5.0604    9.3726           0.0000     44.9197     0.0086   0.6401    3.3234
 30164.40    5.1921    9.0081           0.0000     59.9445     0.0051   0.0433    3.3234
 30165.10    5.1899    9.0889           0.0000     58.6155     0.0051   0.0930    3.3234
 30165.60    5.0600    9.0881           0.0000     57.9587     0.0057   0.0905    3.3234
 30166.60    5.0696    9.0073           0.0000     57.6642     0.0057   0.2558    3.3234
 30168.50    5.0756    9.0946           0.0000     57.6521     0.0307   0.1829    3.3234
 30169.00    5.1160    9.0988           0.0000     58.9522     0.0338   0.0808    3.3234
 30169.40    5.3036    9.0893           0.0000     53.4124     0.0060   0.1579    3.3234
 30169.40    5.1596    9.0636           0.0000     59.2206     0.1149   0.0514    3.3234
 30169.60    5.0758    9.0965           0.0000     58.2187     0.0317   0.2576    3.3234
 30171.50    5.1999    9.0961           0.0000     59.8882     0.0351   0.3335    3.3234
 30172.20    5.2023    9.2979           0.0000     50.8090     0.0424   0.7506    3.3234

 30138.46	5.2200      9.5650      0       48.1703     0.0548      0.9768      3.3234


********* Lapse, no motor ********
 30098.20    5.0606    9.3146           0.0047     52.9165     0.0071   0.9998    3.3234    0
 30099.70    4.9613    9.5715           0.0047     49.5044     0.0073   0.9937    3.3234
 30106.10    5.1888    9.3676           0.0039     57.7638     0.0061   0.9669    3.3234
 30107.30    4.9350    9.2373           0.0062     53.1306     0.0078   0.9016    3.3234
 30107.90    4.9502    9.5628           0.0059     48.6780     0.0446   0.9999    3.3234
 30108.00    4.9500    9.5090           0.0062     50.0618     0.0474   0.9997    3.3234
 30108.00    5.3199    9.8192           0.0041     39.6709     0.0063   0.9991    3.3234
 30108.10    4.9496    9.5060           0.0056     50.5670     0.0505   0.9997    3.3234
 30108.80    4.9940    9.5093           0.0058     49.3466     0.1026   0.9999    3.3234
 30108.80    4.9944    9.5392           0.0056     49.4805     0.1076   0.9999    3.3234
 30108.80    4.9964    9.5326           0.0055     49.7639     0.0948   1.0000    3.3234
 30108.80    4.9950    9.5382           0.0056     49.2366     0.0908   0.9997    3.3234
 30108.90    4.9951    9.5124           0.0062     48.8797     0.0823   0.9997    3.3234
 30108.90    4.9945    9.5152           0.0057     49.7843     0.1646   0.9998    3.3234
 30109.30    4.9914    9.5260           0.0068     50.7895     0.1197   0.9993    3.3234
 30109.30    4.9634    9.5217           0.0060     49.7946     0.3926   0.9997    3.3234
 30109.70    4.9562    9.5054           0.0060     50.3848     0.5546   0.9995    3.3234
 30110.10    4.9525    9.4775           0.0063     43.8708     0.0441   0.9992    3.3234
 30110.90    4.9256    9.5163           0.0061     51.9982     0.8617   0.9990    3.3234
 30116.70    4.9342    9.2126           0.0068     58.2328     0.0059   0.8199    3.3234
 30124.90    4.9344    9.0074           0.0076     59.6213     0.0050   0.0344    3.3234
 30125.50    4.9338    9.0087           0.0068     58.4517     0.0055   0.0279    3.3234
 30127.30    4.9350    8.9016           0.0062     57.1514     0.0056   0.0641    3.3234
 30127.30    4.8052    8.8995           0.0072     58.4990     0.0056   0.2341    3.3234
 30130.70    4.8247    8.9636           0.0077     58.7325     0.0388   0.1708    3.3234
 30131.40    4.8934    8.9535           0.0075     59.6183     0.3119   0.0259    3.3234
 30131.50    4.8256    8.9558           0.0088     57.2664     0.0413   0.2239    3.3234
 30132.40    4.9533    8.9432           0.0061     56.0405     0.0357   0.2375    3.3234
 30135.00    4.8260    9.0071           0.0073     52.7179     0.0367   0.4434    3.3234
 30137.10    4.8700    9.0043           0.0086     52.4476     0.1699   0.4507    3.3234

 30115.51    4.9603    9.3146           0.0063     52.4801     0.1151   0.7196    3.3234


********* No lapse, motor ********
 30010.90    5.5769    8.8466           0.0000     59.9396     0.0057   0.0198    2.1115    0
 30011.60    5.5935    8.8840           0.0000     58.5175     0.0056   0.1081    2.1105
 30016.90    5.7051    8.9219           0.0000     57.9096     0.0060   0.2367    2.0944
 30017.00    5.5715    8.9249           0.0000     59.0053     0.0285   0.0843    2.1934
 30017.60    5.5765    8.7810           0.0000     53.2910     0.0061   0.4483    2.0678
 30018.30    5.5767    8.9237           0.0000     53.0739     0.0060   0.4598    2.1016
 30018.60    5.5684    8.8273           0.0000     59.8126     0.2133   0.0125    2.1215
 30020.20    5.7228    8.6861           0.0000     49.6407     0.0074   0.1803    2.1098
 30021.60    5.5758    9.4509           0.0000     45.6008     0.0066   0.9995    2.3842
 30021.80    5.4529    9.0351           0.0000     59.6181     0.0284   0.1346    2.2304
 30024.90    5.5771    8.7878           0.0000     57.2688     0.0326   0.1450    1.9407
 30025.20    5.5795    8.7855           0.0000     55.8165     0.0354   0.2897    2.1080
 30029.20    5.5943    8.8322           0.0000     53.7054     0.0060   0.4402    2.3574
 30032.10    5.4556    8.8141           0.0000     54.9600     0.0476   0.3825    2.1341
 30033.10    5.7224    8.3687           0.0000     52.0513     0.0056   0.2523    1.9693
 30033.80    5.5764    8.9121           0.0000     56.1900     0.0482   0.4174    2.2084
 30036.30    5.4708    8.8962           0.0000     54.6524     0.5910   0.3274    2.2054
 30047.30    5.5779    9.3178           0.0000     43.0159     0.0568   0.9998    2.3766
 30047.90    5.5963    9.3198           0.0000     48.5053     0.0564   0.9954    2.4011
 30048.40    5.6332    9.3345           0.0000     47.1008     0.0578   0.9998    2.3954
 30049.60    5.6616    9.3063           0.0000     49.9948     0.0596   0.9997    2.3855
 30050.30    5.5990    9.3724           0.0000     43.0613     0.0595   0.9964    2.3461
 30052.50    5.5886    9.1799           0.0000     52.8079     0.0577   0.9144    2.3618
 30053.10    5.6457    9.3118           0.0000     53.1825     0.0555   0.9783    2.4466
 30056.40    5.5907    9.3122           0.0000     46.9502     0.1925   0.9965    2.4070
 30056.90    5.6169    9.2650           0.0000     46.4814     0.1229   0.9861    2.3830
 30059.00    5.4765    9.2723           0.0000     45.9998     1.3814   0.9937    2.3702
 30059.20    5.4431    9.2436           0.0000     46.1562     1.6965   0.9984    2.3288
 30069.20    5.6034    8.8136           0.0000     50.0108     0.9338   0.2142    2.0004
 30073.60    5.7166    8.7612           0.0000     48.9446     0.3106   0.4517    2.0178

 30037.08    5.5882    9.0163           0.0000     52.1088     0.2040   0.5488    2.2223

********* Lapse, motor ********
 29979.70    4.1499    8.1046           0.0126     59.9996     4.1745   0.0100    1.6662    0
 29979.70    4.1488    8.0993           0.0127     59.9119     4.1791   0.0100    1.6636
 29979.70    4.1459    8.0965           0.0128     59.9154     4.1809   0.0100    1.6626
 29979.70    4.1499    8.0980           0.0127     59.9514     4.1718   0.0100    1.6620
 29979.80    4.1546    8.0818           0.0124     59.8716     4.1689   0.0103    1.6718
 29980.10    4.0560    8.0831           0.0141     59.9955     4.3064   0.0115    1.6387
 29980.10    4.0581    8.0476           0.0139     59.8091     4.2852   0.0129    1.6606
 29980.10    4.0360    8.0454           0.0127     59.9303     4.2714   0.0101    1.6622
 29980.60    4.2027    8.1119           0.0123     59.5920     4.1160   0.0271    1.6823
 29981.30    4.0381    8.0464           0.0157     59.8375     4.3621   0.0214    1.6063
 29983.90    4.1675    8.0950           0.0129     59.2934     4.2919   0.0593    1.5718
 29986.20    4.1831    8.1188           0.0137     58.0846     4.1357   0.1248    1.6956
 29986.70    5.4521    8.7885           0.0048     59.0403     0.0056   0.1072    2.0981
 29989.10    4.1889    8.1464           0.0128     57.3571     4.0845   0.1690    1.7312
 29993.30    4.1018    8.1596           0.0192     58.1497     4.1388   0.1514    1.6915
 29996.10    5.4649    8.7872           0.0056     59.8695     0.1883   0.0101    2.1482
 30004.60    5.7056    8.7857           0.0068     49.0416     0.0058   0.3362    2.1273
 30020.10    3.8624    8.5062           0.0121     47.8121     4.8065   1.0000    1.9205
 30020.30    3.8631    8.4885           0.0121     46.4987     4.7800   0.9996    1.9135
 30020.40    3.9053    8.5073           0.0120     45.8457     4.7170   0.9998    1.9209
 30020.90    3.8582    8.5113           0.0127     50.3917     4.8371   0.9984    1.9254
 30021.10    3.9426    8.5385           0.0126     44.4286     4.6419   0.9998    1.9279
 30021.70    3.9043    8.5000           0.0119     42.6860     4.7142   1.0000    1.9186
 30021.90    4.0735    8.5846           0.0106     42.8330     4.4770   0.9997    1.9639
 30022.00    3.9512    8.4598           0.0136     43.6266     4.6494   1.0000    1.9580
 30022.40    3.8473    8.4709           0.0122     41.4882     4.7731   0.9995    1.9078
 30031.90    4.4791    8.4569           0.0098     47.7503     3.5361   0.6804    1.9350
 30034.10    4.2529    8.4901           0.0105     43.5909     4.0289   0.8609    1.9456
 30035.10    4.3953    8.4865           0.0099     47.1195     3.7480   0.7779    1.9640
 30040.50    5.2025    8.8749           0.0058     46.0583     1.6622   0.7548    2.2232

 30002.44    4.2647    8.3524           0.0118     52.9927     3.8146   0.4387    1.8355
