  6401.40    7.8307   12.8698           0.0000     49.6215     0.0079   0.9501    3.8551    0.0000
  6406.40    7.8313   12.6399           0.0000     48.5491     0.0078   0.8797    3.8551    0.0000
  6410.30    7.7064   12.3002           0.0000     44.8920     0.0075   0.7905    3.8551    0.0000
  6412.10    7.8157   11.7656           0.0000     54.1657     0.0072   0.0107    3.8551    0.0000
  6412.20    7.7017   12.5147           0.0000     46.7263     0.0074   0.7759    3.8551    0.0000
  6413.40    7.7071   11.7577           0.0000     57.9246     0.0067   0.0300    3.8551    0.0000
  6413.60    7.7041   11.6603           0.0000     59.5366     0.0053   0.0433    3.8551    0.0000
  6413.90    7.8124   11.7607           0.0000     59.0526     0.0052   0.0750    3.8551    0.0000
  6414.10    7.8087   11.6659           0.0000     57.3940     0.0069   0.2942    3.8551    0.0000
  6414.30    7.8108   11.8613           0.0000     59.9052     0.0059   0.0123    3.8551    0.0000
  6414.50    7.5691   11.5611           0.0000     57.7089     0.0068   0.1038    3.8551    0.0000
  6414.90    7.5661   11.8901           0.0000     57.4638     0.0069   0.1031    3.8551    0.0000
  6414.90    7.4414   11.6615           0.0000     59.9495     0.0058   0.0117    3.8551    0.0000
  6415.20    7.6982   11.3705           0.0000     59.9970     0.0057   0.0103    3.8551    0.0000
  6415.20    7.6938   11.9796           0.0000     57.6450     0.0075   0.3994    3.8551    0.0000
  6415.70    7.9148   11.9948           0.0000     59.9500     0.0072   0.1004    3.8551    0.0000
  6415.80    7.5574   11.4746           0.0000     58.9131     0.0069   0.3037    3.8551    0.0000
  6415.90    7.7485   11.7371           0.0000     49.8939     0.0070   0.4752    3.8551    0.0000
  6416.00    7.5611   12.1075           0.0000     55.5974     0.0072   0.3214    3.8551    0.0000
  6418.40    7.7079   11.6550           0.0000     59.9527     0.0367   0.0101    3.8551    0.0000
  6418.40    7.7079   11.6567           0.0000     59.9650     0.0388   0.0100    3.8551    0.0000
  6418.50    8.2320   12.9311           0.0000     46.8051     0.0080   0.7581    3.8551    0.0000
  6418.60    7.7238   11.6612           0.0000     59.9026     0.0424   0.0163    3.8551    0.0000
  6418.60    7.7080   11.7470           0.0000     59.6823     0.0376   0.0223    3.8551    0.0000
  6418.70    7.7077   11.7524           0.0000     59.5838     0.0365   0.0350    3.8551    0.0000
  6420.50    7.6765   11.7114           0.0000     58.3031     0.2731   0.1144    3.8551    0.0000
  6421.40    7.9755   12.8773           0.0000     49.7359     0.1613   0.9990    3.8551    0.0000
  6421.50    8.0106   12.8415           0.0000     52.1977     0.1205   0.9993    3.8551    0.0000
  6421.60    8.0083   12.8290           0.0000     49.4702     0.3705   0.9993    3.8551    0.0000
  6422.10    7.9654   12.8159           0.0000     54.3683     0.0739   0.9899    3.8551    0.0000

  6413.41    7.7094   11.9114           0.0000     55.7419     0.0083   0.2850    3.8551    0.0000
