  6048.20    4.6751   10.3596           0.0000     30.1105     0.0076   0.9883    3.8106    0.0000
  6048.20    4.3930   10.5285           0.0000     30.2671     0.0062   0.9999    3.8106    0.0000
  6048.30    4.4184   10.0034           0.0000     29.6831     0.0067   0.9986    3.8106    0.0000
  6048.70    4.6619   10.5805           0.0000     27.4433     0.0064   0.9895    3.8106    0.0000
  6050.10    4.4798   10.4222           0.0000     30.3717     0.0068   0.9972    3.8106    0.0000
  6050.30    4.6790   10.1918           0.0000     30.9438     0.0061   0.9994    3.8106    0.0000
  6050.80    4.8486   10.2316           0.0000     30.6412     0.0061   0.9911    3.8106    0.0000
  6051.90    4.6808   10.4639           0.0000     29.9574     0.0068   0.9224    3.8106    0.0000
  6053.30    4.6432   10.4120           0.0000     29.6448     0.0819   0.9999    3.8106    0.0000
  6053.30    4.6181   10.4056           0.0000     29.7211     0.0944   1.0000    3.8106    0.0000
  6053.30    4.6186   10.4645           0.0000     29.8324     0.1560   0.9999    3.8106    0.0000
  6053.40    4.6543   10.4923           0.0000     29.6045     0.2992   1.0000    3.8106    0.0000
  6053.40    4.6258   10.4180           0.0000     29.8441     0.1780   0.9999    3.8106    0.0000
  6053.40    4.6424   10.4772           0.0000     29.6613     0.1959   1.0000    3.8106    0.0000
  6053.40    4.6094   10.4523           0.0000     29.8134     0.2159   1.0000    3.8106    0.0000
  6053.40    4.6017   10.5568           0.0000     29.7079     0.0826   0.9986    3.8106    0.0000
  6053.40    4.6130   10.5109           0.0000     29.8050     0.2395   0.9999    3.8106    0.0000
  6053.60    4.6203   10.3590           0.0000     30.0641     0.2412   0.9996    3.8106    0.0000
  6053.60    4.5790   10.5265           0.0000     29.8744     0.3579   0.9992    3.8106    0.0000
  6053.80    4.6101   10.4733           0.0000     29.7596     0.4544   0.9974    3.8106    0.0000
  6054.00    4.6341   10.4723           0.0000     29.6959     0.6524   0.9987    3.8106    0.0000
  6055.10    4.4503   10.2286           0.0000     30.0323     0.0560   0.9848    3.8106    0.0000
  6057.40    4.2459    9.6258           0.0000     30.0681     0.0090   0.9288    3.8106    0.0000
  6058.00    4.7236    9.7510           0.0000     31.5412     0.0496   0.9996    3.8106    0.0000
  6058.50    4.4105   10.3827           0.0000     32.0280     0.0066   0.8985    3.8106    0.0000
  6058.80    5.0732   11.3970           0.0000     30.3946     0.0089   0.9370    3.8106    0.0000
  6059.40    4.8471    9.5694           0.0000     31.0460     0.0058   0.8896    3.8106    0.0000
  6063.70    4.5110    9.9414           0.0000     30.1513     0.0087   0.7643    3.8106    0.0000
  6085.20    4.3195    9.9182           0.0000     33.9851     0.0972   0.2666    3.8106    0.0000
  6085.80    4.3255    9.9239           0.0000     33.8532     0.1261   0.1386    3.8106    0.0000

  6051.89    4.6136   10.4165           0.0000     29.8375     0.1325   0.9940    3.8106    0.0000
