  6429.30    5.1044   10.3769           0.0000     45.5863     4.7608   0.8191    3.3313    0.0000
  6429.30    5.1133   10.3682           0.0000     44.9309     4.7717   0.8226    3.3313    0.0000
  6429.30    5.1142   10.3652           0.0000     52.0946     4.7814   0.8023    3.3313    0.0000
  6429.30    5.1568   10.3763           0.0000     48.7482     4.7499   0.8110    3.3313    0.0000
  6429.30    5.1246   10.3797           0.0000     44.9650     4.7705   0.8229    3.3313    0.0000
  6429.30    5.1183   10.3851           0.0000     44.3562     4.7644   0.8310    3.3313    0.0000
  6429.30    5.1143   10.3756           0.0000     45.5908     4.7758   0.8204    3.3313    0.0000
  6429.30    5.1537   10.3798           0.0000     44.4464     4.6987   0.8248    3.3313    0.0000
  6429.30    5.1058   10.3647           0.0000     44.7826     4.7707   0.8214    3.3313    0.0000
  6429.30    5.0949   10.3601           0.0000     44.5104     4.8030   0.8251    3.3313    0.0000
  6429.30    5.1116   10.3652           0.0000     48.4917     4.7845   0.8122    3.3313    0.0000
  6429.30    5.0399   10.3662           0.0000     44.4678     4.8980   0.8305    3.3313    0.0000
  6429.30    5.0943   10.3550           0.0000     44.6965     4.8052   0.8233    3.3313    0.0000
  6429.30    5.1064   10.3683           0.0000     46.6623     4.8045   0.8173    3.3313    0.0000
  6429.30    5.1058   10.3779           0.0000     45.8778     4.7845   0.8201    3.3313    0.0000
  6429.30    5.1002   10.3832           0.0000     46.0370     4.7977   0.8195    3.3313    0.0000
  6429.30    5.1000   10.3737           0.0000     46.4734     4.7866   0.8171    3.3313    0.0000
  6429.30    5.0996   10.3721           0.0000     51.6840     4.7915   0.8086    3.3313    0.0000
  6429.30    5.0045   10.3355           0.0000     44.5501     4.9483   0.8245    3.3313    0.0000
  6429.30    5.1034   10.3771           0.0000     53.8891     4.7935   0.8008    3.3313    0.0000
  6429.50    5.2261   10.5094           0.0000     44.1070     4.6370   0.8347    3.3313    0.0000
  6429.60    4.9011   10.1500           0.0000     44.1433     5.0978   0.8312    3.3313    0.0000
  6430.30    6.4960   10.8507           0.0000     50.5875     0.0282   0.7694    3.3313    0.0000
  6430.70    6.4779   10.8148           0.0000     47.2178     0.6615   0.7642    3.3313    0.0000
  6430.70    6.4426   10.7832           0.0000     46.0886     1.0438   0.7634    3.3313    0.0000
  6430.70    6.4939   10.8230           0.0000     47.1188     0.5486   0.7638    3.3313    0.0000
  6432.10    5.8013   10.4874           0.0000     46.3145     3.1223   0.3602    3.3313    0.0000
  6432.20    6.3737   10.7168           0.0000     46.9824     1.0220   0.3822    3.3313    0.0000
  6432.40    5.5682   10.4430           0.0000     46.7890     3.5774   0.1682    3.3313    0.0000
  6432.50    5.6569   10.4749           0.0000     46.8467     3.4125   0.0100    3.3313    0.0000

  6429.30    5.1033   10.3703           0.0000     46.6421     4.7921   0.8187    3.3313    0.0000
