  5523.70   10.3471   14.8498           0.0000     58.0854   -34.8689   0.0101    4.0136    0.4793    0.6049
  5524.80   10.3312   14.9501           0.0000     59.9999   -37.7778   0.0100    4.0136    0.2492    0.6265
  5528.90    9.6253   16.7735           0.0000     58.6240   -32.2337   0.0107    4.0136    0.5245    0.6425
  5530.10   10.3062   14.3386           0.0000     59.3223   -39.9704   0.0100    4.0136    0.0931    0.6006
  5530.90   10.3164   14.6873           0.0000     55.0350   -39.9783   0.0100    4.0136    0.1638    0.5695
  5531.40   10.3190   14.7869           0.0000     57.3780   -39.9989   0.0100    4.0136    0.3738    0.5959
  5532.00   10.3126   14.6051           0.0000     58.2081   -39.9223   0.0100    4.0136    0.4116    0.5734
  5532.40   10.3222   15.1060           0.0000     55.6388   -39.9711   0.0100    4.0136    0.4983    0.5724
  5533.40   10.4402   15.4039           0.0000     59.9982   -37.9108   0.0100    4.0136    0.6205    0.5702
  5533.80   10.3330   15.1648           0.0000     59.8407   -39.0302   0.0100    4.0136    0.5925    0.5784
  5534.40   10.3177   14.9693           0.0000     55.4673   -39.9797   0.0100    4.0136    0.5452    0.5822
  5536.10   10.3251   15.2532           0.0000     58.2490   -39.9999   0.0100    4.0136    0.6039    0.5701
  5536.70    9.1531   15.1269           0.0000     58.8636   -39.3067   0.0109    4.0136    0.2488    0.5999
  5536.90    9.4969   15.0309           0.0000     59.2757   -39.9779   0.0100    4.0136    0.0802    0.6050
  5537.90   10.1811   15.4791           0.0000     55.5579   -39.9341   0.0100    4.0136    0.5985    0.5709
  5538.00    9.4973   14.7770           0.0000     59.0176   -39.9968   0.0105    4.0136    0.2861    0.6022
  5538.50   10.4819   14.3734           0.0000     55.8458   -39.9952   0.0101    4.0136    0.5512    0.5717
  5538.60    8.9820   15.0542           0.0000     58.1936   -40.0000   0.0100    4.0136    0.2830    0.6062
  5542.00   10.3386   15.2886           0.0000     55.9705   -39.9968   0.0100    4.0136    0.7386    0.5522
  5542.90   10.4989   15.4237           0.0000     50.4649   -39.9706   0.0101    4.0136    0.7352    0.5556
  5545.50   10.5066   15.2013           0.0000     57.0821   -39.9998   0.0100    4.0136    0.7723    0.5426
  5548.90   10.3485   15.4876           0.0000     57.8828   -39.9934   0.0100    4.0136    0.8287    0.5445
  5551.20    8.1169   13.8274           0.0000     59.9780   -39.9960   5.7376    4.0136    0.2882    0.6020
  5551.30    8.1406   13.8294           0.0000     59.9505   -39.9297   5.7301    4.0136    0.2894    0.6021
  5551.30    7.8378   13.8459           0.0000     59.9841   -39.9809   5.7173    4.0136    0.2782    0.6090
  5551.40    8.0506   13.8936           0.0000     59.9899   -39.9999   5.6796    4.0136    0.2864    0.5994
  5551.70    7.9997   13.8882           0.0000     59.8228   -40.0000   5.8989    4.0136    0.2961    0.6079
  5552.10    8.1713   14.0566           0.0000     59.9930   -39.9611   5.5619    4.0136    0.2670    0.5922
  5552.30    7.7400   13.5615           0.0000     59.8715   -39.9390   6.0735    4.0136    0.2373    0.6032
  5552.40    8.4874   14.0878           0.0000     59.9999   -39.9653   5.0465    4.0136    0.2864    0.5870
  5552.60    7.8231   13.6406           0.0000     59.2602   -39.8383   5.9403    4.0136    0.3250    0.5995
  5552.70    8.3974   13.9051           0.0000     59.9998   -39.9844   5.1716    4.0136    0.2092    0.6042
  5553.10    8.0955   14.1636           0.0000     59.6512   -39.2303   5.8669    4.0136    0.3010    0.6042
  5553.30    8.1767   13.8800           0.0000     59.9985   -39.9351   5.4204    4.0136    0.0360    0.6035
  5553.80    8.2219   14.2683           0.0000     59.9768   -38.7951   5.3934    4.0136    0.2380    0.6114
  5554.40    8.9356   14.3669           0.0000     59.9110   -39.9400   4.1103    4.0136    0.2302    0.5938
  5555.10    9.1995   14.5666           0.0000     59.9995   -39.9918   2.6489    4.0136    0.2862    0.5965
  5555.70    9.2170   14.6339           0.0000     59.8394   -39.8399   2.5898    4.0136    0.2960    0.6070
  5556.00   10.1822   15.4342           0.0000     45.6420   -39.9979   0.0100    4.0136    0.9580    0.5223
  5556.20    9.4878   14.7375           0.0000     59.9945   -39.9974   1.2198    4.0136    0.2860    0.5950
  5556.30    9.4622   14.7605           0.0000     59.9389   -39.9522   1.4193    4.0136    0.2800    0.5966
  5556.40    9.5415   14.8922           0.0000     59.9965   -39.9858   0.8234    4.0136    0.2860    0.5952
  5556.40    8.9451   14.4704           0.0000     59.7749   -39.6662   3.8886    4.0136    0.0434    0.6046
  5556.50    9.4393   14.7908           0.0000     59.9989   -39.9886   0.5735    4.0136    0.2859    0.5952
  5556.70    9.4282   14.7212           0.0000     59.9780   -39.9317   0.7714    4.0136    0.2822    0.5946
  5556.80    9.4202   14.9390           0.0000     59.8866   -39.9469   0.7650    4.0136    0.2883    0.5987
  5556.80    9.3720   14.7533           0.0000     59.8069   -39.9956   0.7503    4.0136    0.2911    0.5996
  5557.20    9.7014   14.7650           0.0000     60.0000   -39.8418   0.0846    4.0136    0.2813    0.5936
  5557.50    9.2857   14.6533           0.0000     59.9773   -39.9796   1.7326    4.0136    0.0907    0.5974
  5557.90    9.5349   14.7453           0.0000     59.9823   -39.9694   0.6621    4.0136    0.1264    0.5987

  5534.17   10.0963   15.0721           0.0000     57.4518   -39.0410   0.0101    4.0136    0.4339    0.5875
