 38795.40    6.9651    8.6472           0.0000     32.1470   -19.6782   0.1228    2.6349    0.9992    0.5508
 38813.60    6.9446    8.4087           0.0000     30.1148   -20.0118   0.2055    2.6349    0.9997    0.5011
 38837.90    6.8315    8.9066           0.0000     32.8029   -19.2707   0.3261    2.6349    0.9997    0.5537
 38839.40    6.9815    8.7433           0.0000     31.3440   -19.2521   0.3848    2.6349    0.9978    0.5532
 38856.50    7.1353    8.9034           0.0000     31.7909   -19.4011   0.4312    2.6349    0.9999    0.5655
 38858.80    6.8021    8.5881           0.0000     31.0223   -19.2405   1.6335    2.6349    1.0000    0.5375
 38859.20    7.0681    8.8120           0.0000     31.9714   -19.5778   0.7284    2.6349    0.9999    0.5469
 38861.70    6.9449    8.9910           0.0000     31.6581   -19.7480   0.4034    2.6349    0.9895    0.5499
 38862.30    6.7000    8.5272           0.0000     31.2333   -19.0365   2.0589    2.6349    0.9999    0.5388
 38863.50    6.8184    8.7222           0.0000     31.0662   -18.9424   2.2191    2.6349    0.9998    0.5386
 38865.10    6.7548    8.7787           0.0000     30.0333   -19.8138   0.8472    2.6349    0.9997    0.5115
 38866.00    7.0076    8.8735           0.0000     31.6687   -18.7386   1.6260    2.6349    0.9999    0.5609
 38866.20    6.9598    8.6820           0.0000     30.9558   -19.7663   1.4460    2.6349    0.9976    0.5258
 38872.20    6.6373    8.5866           0.0000     31.4664   -18.9469   2.7096    2.6349    0.9999    0.5482
 38882.00    6.8859    8.8658           0.0000     33.6846   -18.4806   0.1145    2.6349    0.9844    0.5990
 38895.50    6.4412    8.8789           0.0000     30.8972   -21.6532   0.1809    2.6349    0.9702    0.4840
 38930.60    7.2487    8.9735           0.0000     32.8434   -19.6701   0.0858    2.6349    0.9133    0.5405
 38937.50    7.3424    8.0161           0.0000     31.8446   -18.7497   0.6622    2.6349    0.9935    0.5791
 38938.70    6.8372    8.7769           0.0000     33.8049   -18.8437   0.1170    2.6349    0.9485    0.5968
 38950.90    6.7147    8.6632           0.0000     59.5963   -18.5285   0.5206    2.6349    0.9968    0.6239
 38979.60    6.7875    8.8179           0.0000     32.3945   -19.4194   0.2638    2.6349    0.9205    0.5744
 38985.90    6.3037    8.2444           0.0000     51.1609   -21.7336   0.3998    2.6349    0.9997    0.5872
 38986.20    7.0309    9.3280           0.0000     37.2234   -18.4401   0.2261    2.6349    0.9710    0.6291
 39004.40    6.5194    8.3001           0.0000     45.4627   -25.7643   0.2577    2.6349    0.9972    0.5229
 39017.00    7.1685    8.7480           0.0000     36.1291   -20.8329   0.1440    2.6349    0.8809    0.5734
 39023.30    6.5524    7.9196           0.0000     30.3707   -26.1615   1.1227    2.6349    0.9907    0.4351
 39028.30    6.6427    8.1689           0.0000     31.8611   -26.1353   1.3460    2.6349    0.9876    0.4589
 39029.50    6.9145    8.0487           0.0000     40.2875   -19.7974   0.0766    2.6349    0.9096    0.6050
 39106.70    7.2617    8.5619           0.0000     40.1163   -20.7273   0.1487    2.6349    0.8088    0.5773
 39146.30    6.4433    7.9416           0.0000     50.8169   -20.3407   0.0716    2.6349    0.8463    0.6034
 39177.40    6.5290    8.2273           0.0000     52.2690   -21.4727   0.1478    2.6349    0.6691    0.6292
 39193.90    6.5151    8.0106           0.0000     51.3910   -22.5014   0.0734    2.6349    0.6375    0.6169
 39196.20    6.7960    8.7431           0.0000     48.3828   -21.5584   0.1380    2.6349    0.6755    0.6103
 39223.20    6.3913    8.0778           0.0000     54.1976   -21.3581   0.0950    2.6349    0.5207    0.6375
 39228.30    6.7646    8.1595           0.0000     57.2882   -22.3199   0.1156    2.6349    0.1848    0.6595
 39240.30    6.4916    7.9054           0.0000     53.9867   -29.6021   0.1893    2.6349    0.6350    0.5503
 39262.60    6.4848    7.8175           0.0000     59.1091   -23.5925   0.2702    2.6349    0.0196    0.6293
 39272.80    6.6237    8.3394           0.0000     59.7356   -21.4884   0.3650    2.6349    0.0206    0.6698
 39285.40    6.3580    8.1532           0.0000     59.8739   -21.5620   0.4357    2.6349    0.0434    0.6585
 39288.80    6.2421    8.0852           0.0000     47.4800   -25.1479   0.1586    2.6349    0.5790    0.5511
 39295.60    6.6201    8.5296           0.0000     53.8238   -23.8674   0.2921    2.6349    0.3496    0.5947
 39313.50    6.6278    7.9406           0.0000     49.2522   -23.3662   0.1420    2.6349    0.2548    0.6119
 39317.20    6.4758    8.0714           0.0000     55.0261   -24.2655   0.4159    2.6349    0.0724    0.5949
 39319.20    6.6245    8.2321           0.0000     51.1017   -20.3374   0.1487    2.6349    0.0019    0.6487
 39319.80    6.3242    7.6099           0.0000     59.9617   -34.1802   0.6763    2.6349    0.0745    0.5483
 39325.30    6.5068    7.7256           0.0000     50.3825   -21.9125   0.1703    2.6349    0.2056    0.6170
 39326.70    6.7493    7.9864           0.0000     52.4799   -22.9731   0.3631    2.6349    0.1641    0.6210
 39349.50    6.4193    7.8307           0.0000     57.7432   -26.2828   0.9537    2.6349    0.2140    0.5992
 39426.50    6.4999    8.0047           0.0000     42.7700   -22.1715   0.1476    2.6349    0.1337    0.5915
 39542.60    6.4908    8.1967           0.0000     39.7887   -21.7161   1.3900    2.6349    0.1758    0.5626

 38872.65    6.9011    8.7172           0.0000     33.0973   -19.3675   0.8412    2.6349    0.9895    0.5503
