  4398.70    5.2868    8.9587           0.0000     32.5963   -17.4761   5.1718    1.5830    0.0430    0.3732
  4398.80    5.2589    8.8908           0.0000     32.5446   -17.6653   5.1920    1.5830    0.1678    0.3408
  4398.80    5.0099    8.7974           0.0000     32.7121   -17.5964   5.4843    1.5830    0.1666    0.3500
  4399.10    5.2770    8.9662           0.0000     32.5384   -17.6159   5.1257    1.5830    0.2503    0.3544
  4399.50    5.0098    9.0020           0.0000     32.5288   -17.7171   5.4926    1.5830    0.1624    0.3547
  4399.60    5.2734    9.0340           0.0000     32.5605   -17.7010   4.9556    1.5830    0.1799    0.3618
  4400.10    5.3996    9.1727           0.0000     32.6677   -17.5808   4.7580    1.5830    0.2578    0.3700
  4400.80    4.9552    9.0377           0.0000     32.6654   -17.5614   5.6574    1.5830    0.2150    0.3702
  4400.90    5.1033    9.0561           0.0000     32.2245   -17.9135   5.1523    1.5830    0.3294    0.3401
  4401.10    5.1465    9.0938           0.0000     32.3922   -17.4276   5.2710    1.5830    0.4268    0.3551
  4401.30    5.0485    8.5816           0.0000     32.5726   -17.4137   5.4403    1.5830    0.3693    0.3659
  4401.30    5.1134    8.5669           0.0000     31.9186   -17.5979   5.2174    1.5830    0.4385    0.3472
  4401.50    5.1487    9.3919           0.0000     32.4500   -17.6186   5.0515    1.5830    0.3898    0.3639
  4401.60    5.0057    8.8387           0.0000     32.2095   -17.6088   5.4564    1.5830    0.4795    0.3426
  4401.60    5.0166    8.7335           0.0000     31.9904   -17.3310   5.2907    1.5830    0.4483    0.3506
  4401.90    5.1837    9.0794           0.0000     32.1216   -17.3282   5.3162    1.5830    0.4733    0.3526
  4402.00    5.5888    8.8093           0.0000     32.2711   -17.8313   4.4880    1.5830    0.2819    0.3414
  4402.00    5.1189    8.7164           0.0000     32.0587   -17.3409   5.2853    1.5830    0.4836    0.3327
  4402.40    5.1117    9.0977           0.0000     32.3625   -17.3076   5.3532    1.5830    0.4689    0.3683
  4402.40    5.1330    8.9863           0.0000     32.4494   -17.3686   5.4352    1.5830    0.4727    0.3636
  4402.70    5.0254    8.8276           0.0000     32.2373   -17.4752   5.5788    1.5830    0.4187    0.3779
  4402.90    5.1166    9.0363           0.0000     32.2543   -17.4322   5.3510    1.5830    0.5180    0.3570
  4402.90    5.2083    9.1522           0.0000     32.1903   -17.3440   5.2813    1.5830    0.4949    0.3689
  4402.90    4.7610    9.1691           0.0000     32.6705   -17.4744   5.6054    1.5830    0.3040    0.3812
  4403.20    5.4253    8.7976           0.0000     31.8790   -17.4314   5.0489    1.5830    0.5180    0.3574
  4403.30    5.1559    9.0097           0.0000     32.0667   -17.5263   5.2966    1.5830    0.5389    0.3536
  4403.80    5.0185    8.5943           0.0000     31.8092   -17.3646   5.4726    1.5830    0.5621    0.3438
  4404.20    5.1294    9.3876           0.0000     32.1546   -17.4196   5.3898    1.5830    0.5265    0.3628
  4404.40    5.6993    9.5663           0.0000     33.2935   -17.4556   4.9161    1.5830    0.1651    0.3880
  4404.50    5.7391    9.1273           0.0000     32.5566   -17.3073   4.4688    1.5830    0.1298    0.3986
  4404.50    5.6090    9.1793           0.0000     32.2180   -17.6130   4.7257    1.5830    0.5127    0.3654
  4404.70    5.8630    9.4496           0.0000     32.9386   -17.5635   4.9860    1.5830    0.2691    0.3749
  4404.80    4.9448    8.8381           0.0000     32.3211   -17.1978   5.9961    1.5830    0.3959    0.3767
  4405.30    4.7512    9.0529           0.0000     32.6089   -17.5240   5.9420    1.5830    0.4532    0.3716
  4405.60    5.8486    9.4883           0.0000     32.0173   -17.4963   4.2247    1.5830    0.4531    0.3773
  4406.70    5.4027    9.2383           0.0000     31.8980   -17.4017   5.0811    1.5830    0.5992    0.3679
  4407.10    5.4623    9.5439           0.0000     33.1243   -17.5817   5.6106    1.5830    0.3871    0.3859
  4407.20    4.8660    8.7924           0.0000     31.8521   -17.5044   5.7547    1.5830    0.6154    0.3277
  4407.40    5.1509    9.3821           0.0000     31.8645   -17.3899   5.4637    1.5830    0.6162    0.3582
  4407.90    5.2752    9.3200           0.0000     32.3295   -17.4831   5.4913    1.5830    0.5958    0.3738
  4408.10    5.1365    9.0107           0.0000     31.6794   -17.4784   5.3498    1.5830    0.6552    0.3513
  4409.00    5.4554    9.5266           0.0000     31.9847   -17.3982   5.2239    1.5830    0.6086    0.3787
  4409.40    5.0954    9.0362           0.0000     31.3801   -17.4464   5.3465    1.5830    0.6770    0.3403
  4410.20    5.1326    8.9125           0.0000     31.3386   -17.3959   4.9652    1.5830    0.6807    0.3502
  4410.60    5.2038    9.4998           0.0000     31.6930   -17.1325   5.6601    1.5830    0.6231    0.3382
  4413.50    6.0687    9.5078           0.0000     31.7601   -17.6209   3.2715    1.5830    0.4965    0.3795
  4420.20    5.4585   10.0779           0.0000     31.1921   -17.5502   4.8151    1.5830    0.7629    0.3551
  4428.00    4.8913    9.5768           0.0000     30.6520   -16.9869   6.0825    1.5830    0.8303    0.3707
  4428.90    4.6788    8.5079           0.0000     30.2480   -17.5801   5.5853    1.5830    0.8285    0.2699
  4430.90    5.3535    9.1506           0.0000     30.0502   -17.3139   4.7901    1.5830    0.8813    0.3315

  4400.77    5.1595    8.9406           0.0000     32.3917   -17.5501   5.2297    1.5830    0.3252    0.3550
