  4875.40   10.2500   10.2678           0.0000     13.0519   -12.8320   0.0100    2.7094    0.9076    0.4527
  4906.30   10.2046   10.2088           0.0000     13.7522   -13.4916   0.0100    2.7094    0.2639    0.4565
  4907.90   10.6263   10.6317           0.0000     14.7866   -12.3031   0.0103    2.7094    0.3059    0.5677
  4918.40    8.3878    9.0552           0.0000     14.1291   -12.3103   0.1545    2.7094    0.9992    0.5416
  4924.60    8.5703    8.7968           0.0000     13.8623   -12.2972   0.2717    2.7094    1.0000    0.5136
  4924.70    8.5422    8.7510           0.0000     13.8324   -12.4497   0.3908    2.7094    1.0000    0.5061
  4924.80    8.5624    8.6518           0.0000     13.8121   -12.3371   0.3221    2.7094    1.0000    0.5142
  4924.80    8.6836    8.6865           0.0000     14.0942   -12.3974   0.1730    2.7094    0.9755    0.5391
  4924.90    8.3766    8.6575           0.0000     13.7047   -12.1485   0.4016    2.7094    0.9997    0.5202
  4925.00    8.2272    8.7464           0.0000     13.8296   -12.2909   1.0362    2.7094    0.9999    0.5118
  4925.50    8.4924    8.8166           0.0000     13.8945   -12.2561   1.1437    2.7094    0.9995    0.5233
  4925.80    8.6564    8.8675           0.0000     14.0378   -12.2662   1.4023    2.7094    0.9997    0.5246
  4926.20    8.3417    8.4688           0.0000     13.6633   -12.1995   0.9185    2.7094    0.9987    0.5144
  4926.50    8.3160    8.5915           0.0000     13.6310   -12.2841   0.6601    2.7094    0.9973    0.5077
  4927.70    8.2831    8.5998           0.0000     13.7960   -12.1461   0.3708    2.7094    0.9857    0.5280
  4927.80    8.3130    9.0090           0.0000     13.9055   -12.5289   1.5981    2.7094    0.9973    0.5027
  4928.10    8.9259    8.9227           0.0000     14.2347   -12.0016   0.8565    2.7094    0.9939    0.5400
  4928.10    8.2738    8.9587           0.0000     13.9153   -12.3649   2.0394    2.7094    0.9991    0.5076
  4930.00    8.0135    8.5296           0.0000     13.6202   -12.1082   0.2086    2.7094    0.9781    0.5012
  4931.80    8.5207    8.7587           0.0000     14.0425   -12.4792   0.0948    2.7094    0.9775    0.4985
  4931.80    8.0645    8.5129           0.0000     13.7569   -12.5297   0.1743    2.7094    0.9718    0.5089
  4933.20    8.7574    9.8287           0.0000     14.5071   -11.7360   0.1446    2.7094    0.9760    0.5956
  4933.90    7.7576    8.5362           0.0000     13.4189   -12.5639   0.2265    2.7094    0.9777    0.4737
  4934.00    8.0636    8.6735           0.0000     14.1780   -12.4173   0.1401    2.7094    0.9404    0.5456
  4941.50    7.8303    7.8324           0.0000     13.4477   -12.5298   0.1438    2.7094    0.9571    0.5254
  4949.90    7.7442    8.7424           0.0000     14.1649   -12.9123   0.2035    2.7094    0.9041    0.4949
  4954.10    8.0309    8.8841           0.0000     14.7478   -12.4747   0.1658    2.7094    0.8752    0.5323
  4955.20    7.8354    8.6747           0.0000     13.6193   -12.7502   0.1194    2.7094    0.8946    0.4796
  4984.00    8.0912    8.2466           0.0000     14.5254   -13.2524   0.5000    2.7094    0.7403    0.4855
  4987.30    8.1043    8.9789           0.0000     14.9493   -13.0299   0.1209    2.7094    0.6501    0.5563
  4998.90    7.9945    8.7876           0.0000     15.0441   -12.7921   1.1144    2.7094    0.5881    0.5293
  5003.60    8.2425    8.8026           0.0000     15.1109   -12.9153   0.2055    2.7094    0.4881    0.5514
  5012.90    7.8689    8.4763           0.0000     14.9580   -12.9947   0.2197    2.7094    0.4626    0.5114
  5013.00    7.6631    8.1492           0.0000     14.4849   -13.3515   0.1184    2.7094    0.5067    0.4711
  5015.30    8.0025    8.5374           0.0000     15.0985   -12.7965   0.0895    2.7094    0.3808    0.5356
  5019.00    8.0815    8.9433           0.0000     15.2229   -13.0456   0.9647    2.7094    0.2949    0.5282
  5019.10    8.2104    8.7744           0.0000     15.1235   -13.0802   0.6473    2.7094    0.2665    0.5225
  5020.20    8.1813    8.7159           0.0000     15.1809   -12.8784   0.7079    2.7094    0.2558    0.5289
  5020.90    8.1551    8.9898           0.0000     15.2897   -13.0409   0.4717    2.7094    0.2111    0.5301
  5021.00    8.1917    8.7918           0.0000     15.1319   -13.0192   0.4425    2.7094    0.2107    0.5195
  5022.60    8.1749    9.0491           0.0000     15.1474   -13.0739   0.5128    2.7094    0.1214    0.5302
  5023.10    8.2315    8.8254           0.0000     15.2320   -12.9116   1.4686    2.7094    0.1398    0.5323
  5024.20    8.1986    9.4521           0.0000     15.1531   -12.8821   0.1592    2.7094    0.0172    0.5310
  5024.30    7.8283    8.7374           0.0000     15.1666   -12.9778   1.1851    2.7094    0.0049    0.5282
  5025.70    8.1638    8.8028           0.0000     15.2970   -13.1343   2.0933    2.7094    0.0353    0.5260
  5033.50    7.3375    8.5160           0.0000     15.2660   -13.4537   0.1129    2.7094    0.0345    0.4841
  5097.40    6.5000    7.4420           0.0000     14.1388   -15.4485   0.1083    2.7094    0.0477    0.3956
  5119.20    5.8990    6.8513           0.0000     13.3880   -13.8110   0.0636    2.7094    0.2655    0.4169
  5167.40    7.9484   11.1879           0.0000     17.4219   -13.5029   0.0107    2.7094    0.4169    0.5931
  5249.00    6.8086   10.3199           0.0000     17.4011   -10.6630   0.0101    2.7094    0.1515    0.5402

  4921.72    8.7284    8.9988           0.0000     13.8798   -12.3746   0.6037    2.7094    0.9189    0.5136
