  4815.70    5.2059    6.7987           0.0000     18.3309    -9.2679   0.1094    2.0902    0.9969    0.6579
  4816.40    5.2044    6.6436           0.0000     18.3293    -9.2127   0.2125    2.0902    0.9995    0.6849
  4819.00    5.3471    6.3527           0.0000     18.0542    -9.4675   0.0519    2.0902    0.9894    0.6678
  4819.10    5.8852    7.0918           0.0000     18.7196    -9.4151   0.0634    2.0902    0.9939    0.6614
  4819.20    5.3369    6.4928           0.0000     18.2690    -9.2128   0.2427    2.0902    0.9995    0.6559
  4820.50    5.0471    6.4036           0.0000     18.3812    -9.4154   1.7437    2.0902    1.0000    0.6608
  4820.50    5.0700    6.6436           0.0000     18.2314    -9.4858   0.1334    2.0902    0.9860    0.6642
  4820.70    5.1511    6.4628           0.0000     18.0366    -9.2347   0.6414    2.0902    0.9993    0.6678
  4820.90    5.0264    6.4216           0.0000     18.2019    -9.3564   1.7778    2.0902    1.0000    0.6576
  4821.00    5.1154    6.6119           0.0000     18.4462    -9.3848   1.5320    2.0902    0.9988    0.6690
  4821.00    5.2863    6.6387           0.0000     18.2719    -9.4459   0.4010    2.0902    0.9989    0.6483
  4821.00    5.2512    6.5759           0.0000     18.1395    -9.2941   0.9895    2.0902    0.9997    0.6563
  4821.10    5.2002    6.5030           0.0000     17.9394    -9.4741   0.3481    2.0902    0.9998    0.6602
  4821.10    5.0188    6.3501           0.0000     18.1633    -9.2538   1.3635    2.0902    0.9996    0.6631
  4821.20    5.0992    6.4524           0.0000     18.3091    -9.3113   1.5734    2.0902    0.9981    0.6656
  4821.30    4.8760    6.2757           0.0000     18.2588    -9.3817   2.1763    2.0902    0.9997    0.6625
  4821.40    5.1755    6.3597           0.0000     18.0558    -9.4741   1.3303    2.0902    0.9985    0.6630
  4821.50    4.9053    6.2993           0.0000     18.4532    -9.3162   2.0604    2.0902    0.9996    0.6751
  4821.50    5.2578    6.4639           0.0000     18.2191    -9.4099   1.5427    2.0902    1.0000    0.6570
  4821.60    4.9690    6.4560           0.0000     18.2522    -9.3994   1.5862    2.0902    0.9993    0.6713
  4821.70    5.3352    6.7983           0.0000     18.1695    -9.1737   0.3616    2.0902    0.9975    0.6589
  4821.90    4.8265    6.3871           0.0000     18.0060    -9.2627   1.8960    2.0902    0.9999    0.6634
  4822.10    4.9734    6.1826           0.0000     18.2224    -9.3278   1.9942    2.0902    0.9999    0.6785
  4822.20    5.1335    6.4412           0.0000     18.1021    -9.4520   0.8924    2.0902    0.9999    0.6459
  4822.50    5.0512    6.4761           0.0000     18.3494    -9.2538   2.0470    2.0902    0.9999    0.6786
  4822.80    4.7509    6.3306           0.0000     18.2712    -9.3935   2.4352    2.0902    0.9986    0.6593
  4823.20    4.7890    6.1991           0.0000     18.4465    -9.3943   2.3329    2.0902    0.9961    0.6635
  4823.20    5.3607    6.3527           0.0000     18.0918    -9.3535   0.0666    2.0902    0.9975    0.6177
  4823.30    4.8688    6.2761           0.0000     18.1836    -9.5419   2.1102    2.0902    0.9966    0.6516
  4823.50    5.5824    6.7511           0.0000     18.7827    -9.3383   0.4915    2.0902    0.9959    0.6714
  4823.90    4.8680    6.3920           0.0000     18.5475    -9.4467   2.1765    2.0902    0.9909    0.6737
  4824.30    5.1344    6.7041           0.0000     18.7659    -9.4112   1.4753    2.0902    0.9973    0.6728
  4853.20    5.5539    7.0746           0.0000     20.3028    -9.3406   0.0840    2.0902    0.8654    0.7134
  4866.20    5.0380    6.5053           0.0000     19.6224    -9.6892   0.0687    2.0902    0.8254    0.7080
  4875.00    5.9131    7.0602           0.0000     20.2152    -9.9454   0.1107    2.0902    0.8859    0.6115
  4875.10    5.1933    6.1240           0.0000     19.1670    -9.6202   0.0921    2.0902    0.8600    0.5972
  4886.20    5.4110    6.7207           0.0000     21.3299    -9.3817   0.0468    2.0902    0.7531    0.7119
  4913.30    5.0300    6.7114           0.0000     21.2566    -9.1531   0.0589    2.0902    0.6600    0.7462
  4919.10    5.1245    6.7192           0.0000     21.4601    -9.8709   1.2678    2.0902    0.6376    0.7073
  4922.10    5.1519    7.1073           0.0000     21.7662    -9.8002   0.1608    2.0902    0.5725    0.7066
  4946.90    5.2779    6.9486           0.0000     22.0626   -10.2833   0.1367    2.0902    0.4285    0.6903
  4954.60    4.6145    6.5420           0.0000     21.9380    -9.9096   2.3334    2.0902    0.4187    0.7031
  4969.70    5.2313    6.9028           0.0000     22.4672    -9.9171   0.6472    2.0902    0.1754    0.7137
  4970.00    5.0435    6.8438           0.0000     22.5766    -9.9935   1.1148    2.0902    0.1657    0.7011
  4972.50    4.8861    6.3980           0.0000     22.5358   -10.0283   2.2977    2.0902    0.0835    0.7118
  4972.90    5.0634    6.7571           0.0000     22.7096   -10.0137   1.5330    2.0902    0.1001    0.7035
  4973.40    4.7976    6.6135           0.0000     22.6755   -10.0237   2.4720    2.0902    0.0420    0.7134
  4973.50    4.7825    6.3205           0.0000     22.6066   -10.0138   2.5053    2.0902    0.0443    0.7133
  4974.00    4.5254    6.2854           0.0000     22.6379   -10.1142   2.9170    2.0902    0.1504    0.7159
  4974.90    4.7497    6.5373           0.0000     22.7511   -10.1168   2.2985    2.0902    0.0179    0.7118

  4820.28    5.1714    6.5149           0.0000     18.2531    -9.3607   0.9940    2.0902    0.9978    0.6635
