  4395.10    6.2482    8.4135           0.0000     19.7222   -12.5813   0.0498    2.6041    0.4930    0.4204
  4395.50    6.2558    8.4185           0.0000     19.5288   -12.6082   0.0808    2.6041    0.4793    0.4273
  4396.10    5.8926    8.0624           0.0000     19.3535   -12.6492   0.0417    2.6041    0.4649    0.3912
  4396.20    5.9762    8.2969           0.0000     19.2259   -12.8247   0.0477    2.6041    0.4984    0.4038
  4396.50    5.8148    7.8819           0.0000     19.3767   -12.7422   0.0313    2.6041    0.4088    0.3941
  4397.00    6.5973    8.1809           0.0000     18.6323   -12.5057   0.1218    2.6041    0.7649    0.4109
  4397.30    6.3877    8.2584           0.0000     19.9049   -12.8353   0.0603    2.6041    0.2725    0.4255
  4397.40    6.8216    8.5078           0.0000     19.3063   -12.5046   0.0450    2.6041    0.6873    0.4172
  4397.80    6.2790    8.4387           0.0000     20.0717   -12.5997   0.0720    2.6041    0.2841    0.4433
  4398.50    6.6212    8.9357           0.0000     19.0949   -12.5157   0.0810    2.6041    0.7699    0.4101
  4399.00    6.1573    8.5831           0.0000     18.3709   -12.4804   0.1596    2.6041    0.8347    0.3981
  4399.40    6.0209    8.2741           0.0000     20.0376   -12.9480   0.7026    2.6041    0.0261    0.4084
  4400.00    6.1289    8.2857           0.0000     19.5784   -12.8421   1.8282    2.6041    0.5408    0.4147
  4400.10    6.0619    8.0815           0.0000     19.6611   -12.8612   1.0874    2.6041    0.4175    0.4175
  4400.10    6.2681    8.2223           0.0000     19.9679   -12.4805   0.0370    2.6041    0.3989    0.4609
  4400.30    6.0526    8.2820           0.0000     19.7550   -13.0184   0.8762    2.6041    0.2470    0.4156
  4400.70    6.3048    8.4232           0.0000     19.4549   -12.7817   2.2401    2.6041    0.6805    0.4153
  4400.90    5.9437    8.3912           0.0000     19.8357   -12.9360   3.1132    2.6041    0.5638    0.4189
  4400.90    6.1092    8.4412           0.0000     19.1897   -12.7254   2.1912    2.6041    0.7047    0.4220
  4400.90    5.9806    8.4326           0.0000     19.9373   -12.9773   2.7517    2.6041    0.4361    0.4208
  4401.00    6.2948    8.5960           0.0000     19.9298   -12.9922   1.8845    2.6041    0.4272    0.4187
  4401.20    6.0562    8.2425           0.0000     20.0667   -12.9397   1.9617    2.6041    0.2304    0.4143
  4401.50    6.2870    8.4213           0.0000     19.0496   -12.6669   2.5359    2.6041    0.7614    0.4166
  4401.50    5.7919    7.7614           0.0000     19.6858   -12.3525   0.4854    2.6041    0.0107    0.4228
  4401.50    6.1303    8.2538           0.0000     20.0640   -13.0170   1.5336    2.6041    0.0998    0.4256
  4401.60    6.2351    8.6153           0.0000     20.0445   -13.0097   1.8506    2.6041    0.3694    0.4275
  4401.70    5.7613    8.1929           0.0000     20.2013   -12.9850   3.1378    2.6041    0.3408    0.4244
  4401.80    6.8594    8.5609           0.0000     18.8807   -12.4713   0.7736    2.6041    0.7817    0.4159
  4402.00    5.8205    8.2549           0.0000     20.0278   -12.8215   3.8347    2.6041    0.5842    0.4259
  4402.00    5.8627    8.1921           0.0000     20.1987   -12.8671   3.6068    2.6041    0.4363    0.4323
  4402.10    5.8023    8.1824           0.0000     20.2743   -12.9559   3.6350    2.6041    0.3598    0.4176
  4402.40    5.5387    8.0733           0.0000     18.2644   -12.5777   0.1360    2.6041    0.7301    0.3742
  4402.60    6.7777    9.3029           0.0000     19.2861   -12.6923   0.0573    2.6041    0.7837    0.4256
  4402.60    5.8643    8.4093           0.0000     20.0865   -12.9902   4.0027    2.6041    0.6261    0.4195
  4402.90    5.7572    7.8870           0.0000     19.7318   -13.0641   2.6803    2.6041    0.4386    0.3874
  4403.00    5.7710    7.9835           0.0000     20.1220   -13.0186   2.7870    2.6041    0.0667    0.4037
  4403.30    6.3974    8.6358           0.0000     20.5107   -13.0321   1.3568    2.6041    0.1215    0.4403
  4403.40    6.0818    8.3421           0.0000     19.3984   -12.7468   3.9652    2.6041    0.7849    0.4212
  4403.50    5.8931    8.4111           0.0000     19.1874   -12.3782   3.5669    2.6041    0.7886    0.4172
  4403.70    6.2663    8.3137           0.0000     18.7049   -12.6986   2.6759    2.6041    0.8553    0.4085
  4404.10    6.0353    7.9682           0.0000     18.7007   -12.4126   3.3939    2.6041    0.8288    0.3998
  4404.80    6.0443    8.1791           0.0000     18.4718   -12.6854   3.1683    2.6041    0.8808    0.3993
  4406.80    6.0625    8.3869           0.0000     18.9424   -12.5460   4.3866    2.6041    0.9043    0.4082
  4407.00    6.3034    8.4596           0.0000     18.6145   -12.3778   3.5255    2.6041    0.9287    0.4123
  4408.30    6.8698    9.1002           0.0000     18.8010   -12.3986   1.1091    2.6041    0.9123    0.4202
  4408.80    6.3306    8.1976           0.0000     17.2903   -12.0708   0.7237    2.6041    0.9966    0.3923
  4408.80    6.5508    9.8733           0.0000     20.5687   -12.9611   0.1177    2.6041    0.1087    0.4519
  4411.10    6.6514    8.7536           0.0000     18.6349   -12.3416   1.1315    2.6041    0.9201    0.4484
  4421.50    5.6574    6.5424           0.0000     19.5655   -12.4829   0.0104    2.6041    0.1349    0.3928
  4422.90    5.2363    6.5203           0.0000     18.7789   -12.6950   0.0283    2.6041    0.1681    0.3967

  4398.48    6.1961    8.3406           0.0000     19.5003   -12.7209   0.7809    2.6041    0.4987    0.4168
