  5048.10    8.8009    8.9433           0.0000     33.2774   -20.6663   0.1845    1.8928    0.8912    0.4537
  5049.00    8.2194    8.9063           0.0000     34.2768   -21.8785   0.1864    1.8928    0.8006    0.4397
  5050.30    8.6968    8.9691           0.0000     32.7060   -20.6893   0.5795    1.8928    0.9587    0.4576
  5051.00    8.3289    8.6598           0.0000     33.5176   -21.3250   0.4588    1.8928    0.8376    0.4614
  5051.70    8.2058    8.6733           0.0000     33.8574   -20.6482   0.4431    1.8928    0.9732    0.4605
  5053.30    8.3951    8.6439           0.0000     32.1515   -22.1028   0.5649    1.8928    0.9920    0.4414
  5053.40    8.7624    8.3789           0.0000     32.5257   -21.3926   0.7177    1.8928    0.9692    0.4224
  5053.40    8.2887    8.9416           0.0000     34.1150   -19.8312   0.0446    1.8928    0.9417    0.4889
  5053.70    8.0470    9.1823           0.0000     32.9935   -20.5485   0.5637    1.8928    0.9648    0.4659
  5054.00    8.7295    8.7941           0.0000     33.7876   -21.7061   0.7080    1.8928    0.9165    0.4578
  5054.60    8.7959    8.7530           0.0000     33.6279   -20.6127   0.8205    1.8928    0.8704    0.4619
  5054.90    8.2667    8.2226           0.0000     33.2638   -22.2802   0.6224    1.8928    0.8592    0.4129
  5055.00    8.4326    8.7342           0.0000     33.2705   -21.0375   1.0254    1.8928    0.9776    0.4450
  5055.70    8.6015    8.6999           0.0000     32.7213   -21.0295   1.1609    1.8928    0.9288    0.4477
  5056.00    8.6149    9.1298           0.0000     34.1235   -19.9461   0.5578    1.8928    0.9689    0.4933
  5056.40    8.8370    8.4273           0.0000     32.6117   -20.7836   1.0918    1.8928    0.9872    0.4450
  5057.30    8.7732    8.7359           0.0000     31.9602   -20.7292   1.2532    1.8928    0.9928    0.4437
  5057.70    8.0682    8.9479           0.0000     34.4000   -22.7580   0.2600    1.8928    0.7004    0.4085
  5058.10    8.3686    8.5763           0.0000     33.5184   -21.4239   0.3172    1.8928    0.6833    0.4645
  5058.10    8.8923    8.6515           0.0000     32.5011   -20.3014   1.2260    1.8928    0.9820    0.4642
  5058.50    8.4338    8.5519           0.0000     34.5326   -21.4407   0.4729    1.8928    0.6587    0.4454
  5059.30    8.4353    8.9359           0.0000     33.9792   -21.1696   1.2255    1.8928    0.8589    0.4528
  5059.60    8.7491    8.7003           0.0000     33.6501   -20.3961   1.5068    1.8928    0.8920    0.4531
  5059.60    7.8202    8.2249           0.0000     34.5616   -22.1372   0.0610    1.8928    0.7105    0.4409
  5059.70    8.3530    8.6459           0.0000     35.9051   -21.0204   0.1341    1.8928    0.7505    0.5073
  5061.50    8.4502    8.8600           0.0000     34.7622   -21.6869   0.7727    1.8928    0.6738    0.4392
  5061.90    8.5948    8.3722           0.0000     33.6523   -21.1003   1.4733    1.8928    0.7979    0.4342
  5063.20    8.4283    8.7179           0.0000     35.3618   -21.5148   0.6949    1.8928    0.6144    0.4440
  5064.50    8.8640    8.7107           0.0000     33.7977   -20.6559   1.1858    1.8928    0.8915    0.5039
  5065.90    8.8400    8.3343           0.0000     35.2681   -22.1359   0.6223    1.8928    0.6249    0.4491
  5067.10    8.5541    7.9829           0.0000     33.4437   -24.0312   0.4046    1.8928    0.7660    0.3862
  5070.00    8.3697    8.3334           0.0000     35.4630   -21.9125   0.4933    1.8928    0.4786    0.4251
  5070.70    8.9183    8.4602           0.0000     34.8100   -21.7402   1.2422    1.8928    0.6426    0.4671
  5072.00    8.2251    8.6576           0.0000     36.4864   -21.9415   0.0671    1.8928    0.3121    0.4674
  5072.40    8.7573    9.0796           0.0000     35.0077   -21.0591   0.5905    1.8928    0.4631    0.4632
  5072.50    8.1370    8.8645           0.0000     36.5432   -21.1618   0.1372    1.8928    0.3682    0.4857
  5073.30    9.0647    8.5803           0.0000     36.5159   -20.9132   0.7355    1.8928    0.5956    0.4707
  5073.80    8.4719    8.7059           0.0000     34.9852   -22.2447   0.9867    1.8928    0.5046    0.4286
  5075.00    8.4294    8.5546           0.0000     35.8222   -22.9567   0.0707    1.8928    0.2061    0.4797
  5075.70    8.1291    8.2476           0.0000     34.3193   -21.9402   1.2836    1.8928    0.5091    0.4306
  5077.00    7.7329    7.9294           0.0000     35.0453   -21.7503   0.0131    1.8928    0.7148    0.4120
  5078.50    8.3343    8.7795           0.0000     35.7791   -21.7732   0.8196    1.8928    0.1937    0.4515
  5078.90    8.4702    8.5738           0.0000     35.5430   -22.2931   0.8371    1.8928    0.2287    0.4315
  5080.00    8.5237    8.4136           0.0000     35.6717   -22.0532   0.7644    1.8928    0.1849    0.4255
  5082.00    8.8375    8.6492           0.0000     37.2835   -21.5868   0.5207    1.8928    0.2103    0.4768
  5082.30    8.4386    8.5528           0.0000     35.3546   -21.8478   1.4452    1.8928    0.3400    0.4645
  5082.50    8.5624    8.4038           0.0000     36.5744   -23.2221   0.0437    1.8928    0.2741    0.4588
  5084.90    8.5818    9.0191           0.0000     36.3416   -21.0618   0.8446    1.8928    0.0770    0.4730
  5095.00    7.7481    7.9480           0.0000     37.2209   -23.0278   0.0388    1.8928    0.0004    0.4311
  5096.30    8.4221    8.1433           0.0000     38.6457   -22.2610   0.0415    1.8928    0.1307    0.4488

  5054.09    8.5063    8.7485           0.0000     33.2603   -21.0845   0.6393    1.8928    0.9098    0.4518
