  4398.80    6.4118    8.5570           0.0000     19.1582   -12.6736   0.0137    2.6041    0.6286    0.4120
  4400.10    6.2131    8.7155           0.0000     19.7587   -12.8182   0.0192    2.6041    0.3333    0.4137
  4400.20    6.0885    8.3742           0.0000     19.9163   -12.8387   0.0151    2.6041    0.0893    0.4231
  4401.30    6.8660    8.8450           0.0000     19.7849   -12.6225   0.0157    2.6041    0.5860    0.4319
  4401.40    6.4629    8.7830           0.0000     19.9908   -12.7297   0.0198    2.6041    0.4868    0.4520
  4402.10    6.5495    8.4716           0.0000     19.0303   -12.8093   0.0116    2.6041    0.7079    0.4168
  4402.40    6.3020    8.3521           0.0000     19.4340   -12.8636   0.0131    2.6041    0.5378    0.4178
  4403.40    6.2545    8.5542           0.0000     19.6754   -13.0435   0.0332    2.6041    0.4598    0.4255
  4403.60    5.8142    8.3270           0.0000     19.6593   -13.0305   0.0120    2.6041    0.1722    0.4008
  4403.80    6.8612    8.6795           0.0000     18.7432   -12.4716   0.0153    2.6041    0.8537    0.4096
  4404.50    6.1851    8.3977           0.0000     19.9284   -12.9522   0.0563    2.6041    0.0218    0.4235
  4404.60    6.5349    8.8357           0.0000     20.2876   -12.9907   0.0122    2.6041    0.0932    0.4577
  4404.60    6.3567    8.3847           0.0000     19.4124   -12.8825   0.3727    2.6041    0.5749    0.4198
  4404.70    6.2893    8.3130           0.0000     19.5370   -12.8878   0.2814    2.6041    0.5079    0.4241
  4404.70    6.3611    8.4120           0.0000     19.2408   -12.8935   0.2012    2.6041    0.6293    0.4125
  4404.70    6.3756    8.4252           0.0000     19.3643   -12.8747   0.3781    2.6041    0.6033    0.4151
  4404.70    6.3192    8.3725           0.0000     19.5087   -12.9094   0.4330    2.6041    0.5404    0.4175
  4404.80    6.2906    8.3086           0.0000     19.3019   -12.9397   0.4149    2.6041    0.5651    0.4163
  4404.80    6.3908    8.4376           0.0000     19.8287   -12.9273   0.1050    2.6041    0.4726    0.4299
  4405.10    6.2688    8.4435           0.0000     19.6541   -12.9209   0.7429    2.6041    0.4615    0.4236
  4405.10    6.4298    8.4283           0.0000     19.1628   -12.7177   0.4668    2.6041    0.6830    0.4218
  4405.10    6.4006    8.4685           0.0000     19.0885   -12.8115   0.4997    2.6041    0.6889    0.4163
  4405.20    6.3874    8.5435           0.0000     19.7640   -12.8708   0.5265    2.6041    0.4501    0.4290
  4405.30    6.3684    8.3677           0.0000     19.2278   -12.7449   0.8886    2.6041    0.6368    0.4162
  4405.40    6.1974    8.2836           0.0000     19.6963   -13.0608   0.3724    2.6041    0.3524    0.4126
  4405.50    6.3852    8.3770           0.0000     19.3658   -12.7890   1.1021    2.6041    0.6357    0.4193
  4405.50    6.2468    8.3970           0.0000     19.8669   -13.0193   0.1920    2.6041    0.1892    0.4239
  4405.50    6.2283    8.4396           0.0000     19.9677   -13.0037   0.4923    2.6041    0.2403    0.4248
  4405.70    6.2606    8.4459           0.0000     19.9805   -12.9150   0.5995    2.6041    0.2480    0.4268
  4405.80    6.2032    8.3759           0.0000     20.0200   -13.0461   0.6925    2.6041    0.1389    0.4228
  4405.80    6.2347    8.4895           0.0000     19.9540   -12.9591   0.8331    2.6041    0.2788    0.4265
  4406.60    6.2109    8.4790           0.0000     20.0677   -13.0423   1.2606    2.6041    0.1017    0.4278
  4406.60    6.2252    8.3931           0.0000     20.0026   -13.0404   1.3248    2.6041    0.2267    0.4237
  4406.70    6.2527    8.6402           0.0000     19.3984   -12.8748   1.4361    2.6041    0.6347    0.4346
  4407.40    6.9505    9.2835           0.0000     20.4312   -12.8446   0.0159    2.6041    0.5587    0.4598
  4407.50    6.2028    8.2248           0.0000     18.9008   -12.6146   1.6653    2.6041    0.7119    0.4129
  4407.60    7.0569    9.1783           0.0000     18.8089   -12.6095   0.0167    2.6041    0.8750    0.4293
  4408.00    6.8722    8.8395           0.0000     18.3710   -12.3096   0.0212    2.6041    0.9323    0.4159
  4408.80    6.6100    8.5569           0.0000     18.5096   -12.4833   0.3622    2.6041    0.8569    0.4191
  4408.80    6.4895    8.4893           0.0000     18.8978   -12.7348   1.9264    2.6041    0.7936    0.4166
  4409.20    6.5797    8.5601           0.0000     18.6032   -12.5694   1.1874    2.6041    0.8449    0.4233
  4409.90    6.2413    8.4800           0.0000     19.4136   -12.8380   2.7917    2.6041    0.7297    0.4122
  4410.20    6.1969    8.2732           0.0000     19.6826   -13.0968   2.7825    2.6041    0.5947    0.3956
  4410.20    6.6019    8.5148           0.0000     18.7096   -12.5440   1.7595    2.6041    0.8451    0.4233
  4410.80    6.5739    8.4935           0.0000     17.8326   -12.4006   0.0265    2.6041    0.9545    0.4167
  4410.90    6.0619    8.3832           0.0000     20.2228   -13.0899   2.9406    2.6041    0.2870    0.4422
  4411.20    6.6657    8.3911           0.0000     18.0684   -12.3108   0.1406    2.6041    0.9148    0.4127
  4411.40    6.6893    8.7777           0.0000     18.2159   -12.4239   0.6560    2.6041    0.9094    0.4182
  4412.80    6.7144    8.6255           0.0000     17.9876   -12.4474   0.7362    2.6041    0.9435    0.4073
  4418.10    6.7702    8.8223           0.0000     18.2039   -12.3556   2.4303    2.6041    0.9763    0.4166

  4403.22    6.3598    8.4995           0.0000     19.5608   -12.8540   0.1583    2.6041    0.4663    0.4222
