 38738.20    6.2215    8.3668           0.0000     31.6644   -19.0556   5.4161    2.6349    1.0000    0.5367
 38738.20    6.1845    8.3899           0.0000     31.6300   -19.0447   5.4295    2.6349    1.0000    0.5430
 38738.40    6.1617    8.3552           0.0000     31.4240   -19.0235   5.4081    2.6349    1.0000    0.5334
 38738.80    6.1999    8.3824           0.0000     31.2351   -19.0583   5.4875    2.6349    1.0000    0.5416
 38738.80    6.1654    8.4046           0.0000     31.4287   -19.0164   5.3231    2.6349    0.9999    0.5417
 38739.00    6.2600    8.3755           0.0000     31.8366   -19.0615   5.5135    2.6349    1.0000    0.5381
 38739.00    6.2069    8.3188           0.0000     31.6582   -19.2102   5.3760    2.6349    1.0000    0.5338
 38739.10    6.1577    8.2768           0.0000     31.6512   -19.0195   5.5562    2.6349    1.0000    0.5324
 38739.20    6.1499    8.3421           0.0000     31.2225   -19.0402   5.6233    2.6349    0.9999    0.5410
 38739.30    6.1735    8.4018           0.0000     31.8432   -18.8014   5.5456    2.6349    1.0000    0.5478
 38739.30    6.2215    8.3454           0.0000     31.2349   -19.2531   5.3136    2.6349    1.0000    0.5295
 38739.30    6.2435    8.3486           0.0000     31.4478   -18.8107   5.4403    2.6349    1.0000    0.5455
 38739.50    6.2541    8.3877           0.0000     31.0062   -19.0387   5.3578    2.6349    0.9999    0.5319
 38739.80    6.2471    8.2745           0.0000     31.4478   -19.2582   5.4366    2.6349    0.9999    0.5288
 38740.20    6.1188    8.3393           0.0000     31.4415   -19.0439   5.5471    2.6349    0.9999    0.5477
 38741.00    6.2671    8.4796           0.0000     31.6452   -19.0095   5.1692    2.6349    0.9998    0.5439
 38741.20    6.2693    8.4450           0.0000     31.4296   -19.2426   5.3132    2.6349    0.9998    0.5285
 38741.50    6.2204    8.3433           0.0000     31.0701   -19.4546   5.2373    2.6349    0.9998    0.5257
 38741.90    6.1496    8.2348           0.0000     31.0085   -19.4028   5.4506    2.6349    1.0000    0.5218
 38743.10    6.2091    8.3243           0.0000     31.0103   -19.0087   5.1242    2.6349    0.9999    0.5234
 38743.10    6.1971    8.4543           0.0000     31.8837   -18.6805   5.7337    2.6349    0.9992    0.5498
 38743.20    6.0999    8.2206           0.0000     31.4161   -19.4445   5.5548    2.6349    0.9999    0.5185
 38743.40    6.3885    8.3801           0.0000     31.6361   -18.8141   5.1304    2.6349    0.9998    0.5324
 38745.60    6.1636    8.0915           0.0000     31.9835   -19.1486   5.4988    2.6349    0.9976    0.5454
 38746.00    6.0715    8.3352           0.0000     31.2411   -19.6536   5.1998    2.6349    0.9999    0.5238
 38748.70    6.0025    8.2097           0.0000     31.4486   -19.6736   5.3433    2.6349    0.9998    0.5150
 38749.80    5.9797    8.0250           0.0000     31.8071   -18.7551   5.7674    2.6349    0.9988    0.5463
 38751.30    6.5144    8.6713           0.0000     31.2386   -19.2662   4.6470    2.6349    1.0000    0.5339
 38752.00    6.2205    8.3097           0.0000     31.0585   -19.8679   4.9435    2.6349    0.9997    0.5080
 38760.60    6.3766    8.3427           0.0000     30.6557   -19.7266   4.4073    2.6349    0.9995    0.5074
 38765.60    6.2040    8.1936           0.0000     30.1531   -19.6869   5.1527    2.6349    0.9981    0.4929
 38782.50    6.7786    8.7497           0.0000     31.9949   -19.7711   4.9722    2.6349    0.9970    0.5368
 38787.90    5.9751    8.1000           0.0000     31.0720   -18.7946   5.0941    2.6349    0.9845    0.5576
 38811.30    6.9069    8.2834           0.0000     31.7806   -18.7748   3.4426    2.6349    0.9911    0.5629
 38818.00    6.6409    8.4886           0.0000     30.4256   -19.1756   3.4625    2.6349    0.9864    0.5050
 38823.60    6.4454    8.5598           0.0000     36.5379   -18.1804   4.9168    2.6349    0.9971    0.6072
 38852.30    6.1855    8.2729           0.0000     56.0452   -19.2290   4.7577    2.6349    1.0000    0.6106
 38862.50    6.0118    7.9509           0.0000     59.3828   -19.4440   5.0781    2.6349    0.9999    0.6228
 38949.10    6.8186    8.5718           0.0000     53.0010   -20.0557   0.5789    2.6349    1.0000    0.6090
 39260.20    6.1677    7.9992           0.0000     59.8390   -20.8160   3.5988    2.6349    0.3231    0.6635
 39260.20    6.2049    8.0489           0.0000     58.6632   -20.7343   3.2418    2.6349    0.3632    0.6714
 39261.50    6.2126    7.9556           0.0000     59.8605   -21.0366   3.4000    2.6349    0.2687    0.6655
 39265.70    6.1795    7.9459           0.0000     59.6369   -21.0809   3.7046    2.6349    0.2197    0.6639
 39267.20    6.1665    7.9665           0.0000     59.9826   -20.9058   3.4670    2.6349    0.1268    0.6668
 39271.80    6.2151    7.9446           0.0000     59.9981   -20.9268   3.4713    2.6349    0.0265    0.6671
 39273.40    6.5453    8.0435           0.0000     59.3606   -23.6750   0.0128    2.6349    0.1829    0.6458
 39277.40    6.1999    7.9099           0.0000     59.9094   -21.0534   3.3379    2.6349    0.0008    0.6629
 39280.70    6.4605    8.3887           0.0000     59.7086   -20.8654   0.0109    2.6349    0.0620    0.6773
 39292.60    6.3506    7.9376           0.0000     58.9434   -22.5805   2.4428    2.6349    0.1655    0.6465
 39315.50    6.3119    8.0005           0.0000     59.5106   -24.9941   0.0124    2.6349    0.0003    0.6261

 38739.74    6.2041    8.3568           0.0000     31.4168   -19.0927   5.4034    2.6349    0.9999    0.5358
