  4445.10    6.4303    9.9066           0.0000     32.7124   -17.7113   3.6151    1.5830    0.0627    0.4138
  4445.40    6.4583    9.8841           0.0000     32.6277   -17.7017   2.9323    1.5830    0.0595    0.4065
  4445.40    6.5689    9.8479           0.0000     32.3363   -17.6696   2.1515    1.5830    0.0134    0.4038
  4445.70    6.2647   10.0061           0.0000     32.9245   -17.7986   4.0229    1.5830    0.1058    0.4014
  4445.90    6.3909    9.9109           0.0000     32.6506   -17.6846   3.2135    1.5830    0.1271    0.4078
  4446.00    6.5490    9.8975           0.0000     32.6684   -17.6902   2.8850    1.5830    0.1247    0.4129
  4446.00    6.3312   10.0046           0.0000     32.8989   -17.6164   4.2646    1.5830    0.1273    0.4138
  4446.20    6.3988    9.9300           0.0000     32.6081   -17.6768   3.6594    1.5830    0.2350    0.4089
  4447.30    6.5666    9.8109           0.0000     32.4417   -17.5531   2.1253    1.5830    0.1059    0.4204
  4447.40    6.0291    9.8173           0.0000     33.3556   -17.7731   5.2151    1.5830    0.1260    0.4042
  4447.50    6.2829    9.8023           0.0000     32.3305   -17.5239   3.6844    1.5830    0.3380    0.4043
  4447.60    6.5176    9.8494           0.0000     32.3722   -17.5811   2.8342    1.5830    0.3193    0.4057
  4447.70    6.2331    9.7847           0.0000     32.4183   -17.7045   3.9940    1.5830    0.3628    0.3963
  4448.00    6.7082   10.0153           0.0000     32.3835   -17.5771   0.8698    1.5830    0.0049    0.4229
  4448.10    6.5065   10.0168           0.0000     32.4101   -17.5405   2.6963    1.5830    0.3683    0.4109
  4448.30    6.4363   10.0551           0.0000     32.5018   -17.6800   3.5429    1.5830    0.4101    0.4058
  4448.30    6.5842    9.9476           0.0000     32.0816   -17.5171   2.8115    1.5830    0.3704    0.4067
  4448.40    6.5550    9.9123           0.0000     32.2775   -17.5670   1.9470    1.5830    0.2316    0.4179
  4448.40    6.5900    9.9633           0.0000     32.4129   -17.4646   1.9592    1.5830    0.2563    0.4165
  4448.40    6.3567    9.7892           0.0000     32.2979   -17.7460   3.5043    1.5830    0.3854    0.3911
  4448.60    6.6902   10.0339           0.0000     32.4804   -17.6209   0.5365    1.5830    0.0020    0.4276
  4449.10    6.7203   10.0253           0.0000     32.4390   -17.5609   0.1733    1.5830    0.0116    0.4302
  4449.40    6.4920   10.0306           0.0000     32.2792   -17.5158   1.7218    1.5830    0.2906    0.4161
  4449.80    5.9532    9.9953           0.0000     32.9256   -17.6494   5.3939    1.5830    0.3945    0.3855
  4451.00    6.3182    9.9374           0.0000     31.9568   -17.5725   3.4839    1.5830    0.5226    0.4010
  4451.90    6.6562    9.9980           0.0000     32.1615   -17.5365   0.0869    1.5830    0.3394    0.4246
  4452.30    6.9341   10.3556           0.0000     32.4375   -17.5021   0.6920    1.5830    0.2487    0.4382
  4452.50    6.7542    9.9955           0.0000     32.1968   -17.5193   0.1862    1.5830    0.3402    0.4240
  4454.00    6.7521   10.0616           0.0000     31.9501   -17.3417   0.8814    1.5830    0.4695    0.4321
  4501.60    6.2730   10.6429           0.0000     29.1495   -17.1608   3.3871    1.5830    0.9890    0.3877

  4447.05    6.4379    9.9076           0.0000     32.5355   -17.6389   3.0964    1.5830    0.2067    0.4086
