  5045.80    8.8305    8.8207           0.0000     33.0506   -21.3710   1.5411    1.8928    0.9373    0.4320
  5045.80    8.7412    8.8679           0.0000     32.8809   -21.3790   0.8133    1.8928    0.9364    0.4263
  5045.90    8.7555    8.8916           0.0000     32.8853   -21.5344   0.2117    1.8928    0.9296    0.4253
  5045.90    8.7676    8.8691           0.0000     32.9261   -21.3433   1.9843    1.8928    0.9427    0.4328
  5045.90    8.7157    8.8547           0.0000     32.9216   -21.4844   1.3106    1.8928    0.9123    0.4308
  5045.90    8.6885    8.8781           0.0000     32.8012   -21.4213   1.2505    1.8928    0.9301    0.4263
  5045.90    8.7140    8.8533           0.0000     32.9195   -21.4371   0.2415    1.8928    0.9244    0.4307
  5046.00    8.7436    8.8635           0.0000     33.1239   -21.4418   1.6269    1.8928    0.9030    0.4331
  5046.10    8.6692    8.9041           0.0000     33.3129   -21.3756   1.3682    1.8928    0.9089    0.4383
  5046.10    8.6901    8.9047           0.0000     32.6904   -21.3763   0.4354    1.8928    0.9570    0.4334
  5046.10    8.6721    8.8877           0.0000     33.2834   -21.3787   1.1918    1.8928    0.9261    0.4393
  5046.20    8.6617    8.7856           0.0000     33.0117   -21.4908   1.7087    1.8928    0.8971    0.4284
  5046.60    8.6379    8.8283           0.0000     32.7861   -21.6755   0.8007    1.8928    0.9028    0.4153
  5046.90    8.6689    8.9480           0.0000     32.9662   -21.1236   2.7247    1.8928    0.9528    0.4391
  5046.90    8.5731    8.8365           0.0000     32.4363   -21.1474   2.4183    1.8928    0.9826    0.4360
  5046.90    8.8684    8.9705           0.0000     32.4640   -20.9650   0.4680    1.8928    1.0000    0.4307
  5047.20    8.6778    8.9405           0.0000     33.4532   -21.0763   0.8429    1.8928    0.8646    0.4359
  5047.20    8.8022    8.9424           0.0000     33.5034   -20.7860   0.0618    1.8928    0.8661    0.4403
  5048.70    8.8400    9.0939           0.0000     33.5828   -20.5458   0.0801    1.8928    0.8917    0.4670
  5048.70    8.6913    8.8152           0.0000     33.6242   -20.8196   3.0710    1.8928    0.8642    0.4545
  5049.30    8.8496    8.8339           0.0000     34.4503   -20.9129   2.9677    1.8928    0.9790    0.4474
  5061.80    8.3827    8.7677           0.0000     34.9116   -21.6884   1.7595    1.8928    0.5278    0.4465
  5067.60    8.6614    8.6549           0.0000     35.6872   -21.6907   2.3103    1.8928    0.3590    0.4470
  5067.60    8.4208    8.5759           0.0000     34.8549   -22.2517   1.2225    1.8928    0.3948    0.4150
  5068.20    8.5993    8.7249           0.0000     35.4373   -21.8793   1.4046    1.8928    0.3044    0.4412
  5069.60    8.5629    8.7819           0.0000     35.3523   -22.0767   0.1118    1.8928    0.2459    0.4341
  5070.60    8.6115    8.7295           0.0000     35.5938   -21.9011   0.7169    1.8928    0.1604    0.4413
  5071.10    8.5700    8.6940           0.0000     35.5290   -22.0430   0.9881    1.8928    0.0737    0.4388
  5071.20    8.5349    8.6490           0.0000     35.5895   -22.0442   1.6521    1.8928    0.0618    0.4373
  5072.40    8.6116    8.6714           0.0000     36.3677   -21.8434   2.6330    1.8928    0.1457    0.4523

  5046.53    8.7205    8.8878           0.0000     33.0312   -21.2586   1.2076    1.8928    0.9215    0.4348
