  5134.00    7.9187    9.9497           0.0000     22.7106   -18.0560   0.4829    3.9069    0.9984    0.4935
  5134.10    7.8332    9.8695           0.0000     22.7440   -17.9941   0.3140    3.9069    0.9989    0.4971
  5134.20    7.8785    9.8943           0.0000     22.6298   -17.9867   0.6398    3.9069    0.9942    0.4926
  5134.20    7.9390    9.9886           0.0000     22.7687   -17.8295   0.2907    3.9069    0.9926    0.4967
  5134.30    7.9977   10.0310           0.0000     22.8345   -17.8523   0.4585    3.9069    0.9907    0.4993
  5134.50    7.8471    9.8120           0.0000     22.6552   -18.1563   1.0348    3.9069    0.9988    0.4876
  5134.50    7.9389   10.0539           0.0000     22.8820   -17.7349   1.1411    3.9069    0.9986    0.4997
  5134.80    7.9224    9.7564           0.0000     22.8756   -18.1030   0.8768    3.9069    0.9725    0.4946
  5135.10    7.8375   10.0068           0.0000     22.8146   -18.2489   1.2146    3.9069    0.9784    0.4883
  5135.30    7.9356    9.9273           0.0000     23.1769   -18.1277   0.5253    3.9069    0.9467    0.4965
  5135.30    7.7347    9.9225           0.0000     23.0610   -18.2004   0.2619    3.9069    0.9581    0.4935
  5135.70    7.8554    9.5482           0.0000     22.8084   -18.2710   0.2641    3.9069    0.9558    0.4880
  5135.80    7.9551    9.8383           0.0000     22.7480   -17.9802   2.1838    3.9069    1.0000    0.4965
  5136.40    7.9419   10.0731           0.0000     23.0926   -17.8318   2.4525    3.9069    1.0000    0.5066
  5136.80    7.7649    9.8010           0.0000     23.4123   -18.4024   0.8109    3.9069    0.9042    0.4971
  5137.00    7.8373    9.8638           0.0000     22.2874   -17.6666   0.1146    3.9069    0.9731    0.4909
  5137.30    7.7069    9.8075           0.0000     23.0855   -18.1389   0.1136    3.9069    0.9191    0.4922
  5137.90    7.7755    9.5654           0.0000     22.7156   -18.4095   0.1104    3.9069    0.9002    0.4904
  5139.40    7.8328    9.9366           0.0000     23.3843   -17.8170   3.7031    3.9069    0.9931    0.5114
  5139.70    7.5669    9.6355           0.0000     23.1568   -18.4751   0.0923    3.9069    0.8178    0.4849
  5140.20    7.7963    9.8581           0.0000     23.5443   -18.3447   0.1359    3.9069    0.7886    0.5061
  5140.70    7.8167    9.2803           0.0000     23.4276   -18.8532   0.1041    3.9069    0.8270    0.4939
  5142.80    7.5156    9.3746           0.0000     23.4614   -18.9558   0.1128    3.9069    0.7121    0.4873
  5149.70    7.7113    9.7504           0.0000     24.7441   -18.6811   0.5830    3.9069    0.2871    0.5059
  5149.80    7.6099    9.7800           0.0000     24.7166   -18.6654   0.9187    3.9069    0.2934    0.5140
  5150.00    7.3003    9.0123           0.0000     23.4774   -19.6368   0.0914    3.9069    0.6342    0.4529
  5150.10    7.4594    9.7571           0.0000     24.6835   -18.8700   0.6328    3.9069    0.2346    0.5096
  5150.60    7.5200    9.6218           0.0000     24.6269   -18.7698   0.6112    3.9069    0.1106    0.5126
  5150.80    7.2992    9.7180           0.0000     24.4626   -18.9808   0.3385    3.9069    0.1710    0.5060
  5150.90    7.8359    9.7803           0.0000     25.0048   -18.5905   0.1724    3.9069    0.1147    0.5199

  5135.81    7.8510    9.8641           0.0000     22.8922   -18.0641   0.8543    3.9069    0.9646    0.4949
