  5963.10    2.9979   11.4853           0.0000     34.8151     0.0451   0.9040    3.1069    0.0000
  5963.10    3.0007   11.4867           0.0000     34.8134     0.0260   0.9033    3.1069    0.0000
  5963.10    2.9992   11.4845           0.0000     34.8381     0.0248   0.9024    3.1069    0.0000
  5963.10    2.9947   11.4978           0.0000     34.8558     0.0286   0.9027    3.1069    0.0000
  5963.10    3.0000   11.4903           0.0000     34.8032     0.0050   0.9034    3.1069    0.0000
  5963.10    3.0048   11.4871           0.0000     34.7759     0.0396   0.9080    3.1069    0.0000
  5963.20    3.0011   11.4544           0.0000     34.6943     0.1341   0.9177    3.1069    0.0000
  5963.20    2.7479   11.4882           0.0000     34.8903     0.0553   0.8968    3.1069    0.0000
  5963.20    2.7448   11.4918           0.0000     34.9072     0.0651   0.8966    3.1069    0.0000
  5963.20    3.0036   11.4993           0.0000     34.7957     0.0489   0.9081    3.1069    0.0000
  5963.20    2.7482   11.4749           0.0000     34.8973     0.0472   0.8972    3.1069    0.0000
  5963.20    2.7522   11.4732           0.0000     34.8751     0.0544   0.8956    3.1069    0.0000
  5963.20    2.7505   11.4761           0.0000     34.8892     0.0151   0.8962    3.1069    0.0000
  5963.30    2.7444   11.4919           0.0000     34.9097     0.0609   0.8954    3.1069    0.0000
  5963.30    2.7477   11.4845           0.0000     34.8745     0.0079   0.8967    3.1069    0.0000
  5963.30    2.7500   11.4600           0.0000     34.8815     0.0724   0.8956    3.1069    0.0000
  5963.30    2.7486   11.4789           0.0000     34.8660     0.0078   0.8962    3.1069    0.0000
  5963.30    2.7491   11.4853           0.0000     34.9188     0.1072   0.8957    3.1069    0.0000
  5963.30    2.7502   11.4508           0.0000     34.8425     0.0131   0.8979    3.1069    0.0000
  5963.30    2.7421   11.4925           0.0000     34.9058     0.0190   0.8967    3.1069    0.0000
  5963.30    2.7439   11.4813           0.0000     34.9373     0.1433   0.8917    3.1069    0.0000
  5963.40    2.7307   11.3100           0.0000     34.8881     0.1765   0.9036    3.1069    0.0000
  5963.50    2.9820   11.5047           0.0000     34.3293     0.2219   0.9581    3.1069    0.0000
  5963.50    2.9943   11.5616           0.0000     34.8147     0.2564   0.9447    3.1069    0.0000
  5963.60    2.7487   11.4290           0.0000     35.3668     0.0571   0.8255    3.1069    0.0000
  5963.80    3.0128   11.6125           0.0000     34.2578     0.1396   0.9873    3.1069    0.0000
  5964.20    2.9986   11.2649           0.0000     35.0547     0.4537   0.8070    3.1069    0.0000
  5970.40    2.6934   11.1171           0.0000     37.1488     0.6468   0.2291    3.1069    0.0000
  5971.10    2.6691   11.1334           0.0000     37.2486     0.8085   0.0127    3.1069    0.0000
  5971.10    2.6536   11.0774           0.0000     37.0993     0.8879   0.0212    3.1069    0.0000

  5963.20    2.8489   11.4817           0.0000     34.8525     0.0439   0.9003    3.1069    0.0000
