  4520.30    2.5992    7.2759           0.0000     22.4294     2.2017   1.0000    2.0976    0.0000
  4520.30    2.6002    7.2787           0.0000     22.4589     2.2028   1.0000    2.0976    0.0000
  4520.30    2.6050    7.2769           0.0000     22.4378     2.1959   1.0000    2.0976    0.0000
  4520.30    2.5955    7.2681           0.0000     22.4412     2.2244   1.0000    2.0976    0.0000
  4520.30    2.6022    7.2635           0.0000     22.4279     2.2161   1.0000    2.0976    0.0000
  4520.30    2.6113    7.2879           0.0000     22.4663     2.2015   1.0000    2.0976    0.0000
  4520.30    2.6119    7.2883           0.0000     22.4049     2.1923   1.0000    2.0976    0.0000
  4520.30    2.6061    7.2771           0.0000     22.4378     2.1928   1.0000    2.0976    0.0000
  4520.30    2.5612    7.2339           0.0000     22.4530     2.2770   1.0000    2.0976    0.0000
  4520.30    2.6075    7.2763           0.0000     22.4432     2.2080   1.0000    2.0976    0.0000
  4520.30    2.6036    7.3012           0.0000     22.4135     2.1769   0.9998    2.0976    0.0000
  4520.30    2.6029    7.2908           0.0000     22.4159     2.1870   1.0000    2.0976    0.0000
  4520.30    2.5965    7.2836           0.0000     22.4425     2.2068   0.9998    2.0976    0.0000
  4520.40    2.6217    7.2846           0.0000     22.3394     2.1751   1.0000    2.0976    0.0000
  4520.40    2.6742    7.3129           0.0000     22.4486     2.0917   0.9998    2.0976    0.0000
  4520.40    2.6383    7.2806           0.0000     22.4845     2.1493   0.9987    2.0976    0.0000
  4520.40    2.6222    7.2972           0.0000     22.6270     2.1392   1.0000    2.0976    0.0000
  4520.40    2.7350    7.2716           0.0000     22.4237     2.0363   0.9998    2.0976    0.0000
  4520.40    2.6727    7.3159           0.0000     22.4241     2.0788   0.9998    2.0976    0.0000
  4520.50    2.5871    7.2997           0.0000     22.5094     2.1826   0.9983    2.0976    0.0000
  4520.50    2.7238    7.2133           0.0000     22.4054     2.0059   0.9999    2.0976    0.0000
  4520.60    2.5913    7.2849           0.0000     22.5117     2.1482   0.9977    2.0976    0.0000
  4521.30    2.7359    7.2226           0.0000     22.4026     1.9248   0.9920    2.0976    0.0000
  4521.80    3.0737    7.5045           0.0000     22.5686     1.4614   0.9975    2.0976    0.0000
  4522.60    3.2101    7.4840           0.0000     22.4418     0.6391   0.9992    2.0976    0.0000
  4523.00    3.2676    7.4722           0.0000     22.2959     0.1268   0.9999    2.0976    0.0000
  4523.00    3.2721    7.4611           0.0000     22.4249     0.0508   0.9996    2.0976    0.0000
  4523.70    3.1953    7.7579           0.0000     22.4790     0.2066   0.9983    2.0976    0.0000
  4568.10    2.6293    7.1778           0.0000     26.0719     2.0588   0.2069    2.0976    0.0000
  4569.30    2.6352    7.2046           0.0000     26.2129     2.0896   0.0195    2.0976    0.0000

  4520.34    2.6177    7.2832           0.0000     22.4465     2.1768   0.9998    2.0976    0.0000
