  6094.90    4.6903   12.1331           0.0000     31.2535     0.8038   0.9999    3.8106    0.0000
  6094.90    4.6898   12.1366           0.0000     31.2135     0.9003   1.0000    3.8106    0.0000
  6094.90    4.7075   12.1078           0.0000     31.2617     0.8197   0.9998    3.8106    0.0000
  6094.90    4.6876   12.1268           0.0000     31.4328     0.8356   1.0000    3.8106    0.0000
  6094.90    4.6730   12.1240           0.0000     31.4261     0.8357   0.9999    3.8106    0.0000
  6094.90    4.6920   12.1189           0.0000     31.2350     0.9070   1.0000    3.8106    0.0000
  6094.90    4.6844   12.1255           0.0000     31.4545     0.8364   1.0000    3.8106    0.0000
  6094.90    4.6919   12.1008           0.0000     31.2106     0.8435   1.0000    3.8106    0.0000
  6094.90    4.6901   12.1283           0.0000     31.4383     0.8358   1.0000    3.8106    0.0000
  6094.90    4.7040   12.0995           0.0000     31.2443     0.8330   1.0000    3.8106    0.0000
  6094.90    4.6900   12.1235           0.0000     31.2297     0.9035   1.0000    3.8106    0.0000
  6094.90    4.6556   12.0837           0.0000     31.4073     0.7161   1.0000    3.8106    0.0000
  6094.90    4.6978   12.0846           0.0000     31.4115     0.6628   0.9998    3.8106    0.0000
  6094.90    4.6788   12.1527           0.0000     31.2493     0.9139   1.0000    3.8106    0.0000
  6094.90    4.6757   12.1307           0.0000     31.4036     0.7523   1.0000    3.8106    0.0000
  6094.90    4.7226   12.2230           0.0000     31.2641     0.9512   1.0000    3.8106    0.0000
  6094.90    4.6920   12.1135           0.0000     31.0847     0.9360   1.0000    3.8106    0.0000
  6094.90    4.6759   12.1400           0.0000     31.4191     0.8112   1.0000    3.8106    0.0000
  6094.90    4.6828   12.1367           0.0000     31.0037     0.9985   1.0000    3.8106    0.0000
  6094.90    4.7123   12.1319           0.0000     31.2221     0.9244   0.9999    3.8106    0.0000
  6095.10    4.6796   12.0445           0.0000     31.6011     0.4707   1.0000    3.8106    0.0000
  6095.20    4.6724   12.1693           0.0000     31.8494     0.4940   1.0000    3.8106    0.0000
  6095.30    4.7235   11.9912           0.0000     31.0631     1.4524   1.0000    3.8106    0.0000
  6096.00    4.6669   12.0368           0.0000     32.0803     0.0760   0.9993    3.8106    0.0000
  6096.10    4.6672   12.1166           0.0000     32.0246     0.0435   0.9997    3.8106    0.0000
  6096.20    4.7089   12.1185           0.0000     32.0392     0.0261   1.0000    3.8106    0.0000
  6096.30    4.5734   12.3180           0.0000     31.7601     1.7138   0.9987    3.8106    0.0000
  6126.20    4.2906   11.4865           0.0000     36.0963     1.6190   0.2904    3.8106    0.0000
  6128.30    4.2456   11.3519           0.0000     36.3770     1.8392   0.0106    3.8106    0.0000
  6128.40    4.2534   11.3743           0.0000     36.2530     1.9210   0.0363    3.8106    0.0000

  6094.90    4.6897   12.1261           0.0000     31.2933     0.8510   1.0000    3.8106    0.0000
