  6454.20    4.1575   10.9026           0.0000     59.9964     8.5734   1.0000    3.3313    0.0000
  6455.20    4.1579   10.9215           0.0000     42.2303     8.4272   0.9159    3.3313    0.0000
  6455.20    4.1571   10.9379           0.0000     42.1868     8.4254   0.9144    3.3313    0.0000
  6455.20    4.1501   10.9140           0.0000     42.1928     8.4314   0.9137    3.3313    0.0000
  6455.20    4.1580   10.9104           0.0000     42.2130     8.4313   0.9142    3.3313    0.0000
  6455.20    4.1666   10.9267           0.0000     42.2230     8.4091   0.9131    3.3313    0.0000
  6455.20    4.1532   10.9445           0.0000     42.1778     8.4086   0.9137    3.3313    0.0000
  6455.20    4.1583   10.9370           0.0000     42.1736     8.4185   0.9147    3.3313    0.0000
  6455.20    4.1632   10.9156           0.0000     42.2191     8.4120   0.9165    3.3313    0.0000
  6455.20    4.1599   10.9242           0.0000     42.2050     8.4033   0.9128    3.3313    0.0000
  6455.20    4.1525   10.9081           0.0000     42.1958     8.4234   0.9142    3.3313    0.0000
  6455.20    4.1664   10.9147           0.0000     42.1867     8.4380   0.9145    3.3313    0.0000
  6455.20    4.1605   10.9373           0.0000     42.2059     8.4101   0.9142    3.3313    0.0000
  6455.20    4.1648   10.9239           0.0000     42.2004     8.4246   0.9137    3.3313    0.0000
  6455.20    4.1572   10.9252           0.0000     42.1685     8.4284   0.9165    3.3313    0.0000
  6455.30    4.1749   10.9833           0.0000     42.1066     8.4245   0.9144    3.3313    0.0000
  6455.30    4.1494   10.9272           0.0000     42.1893     8.4385   0.9127    3.3313    0.0000
  6455.30    4.1514   10.9110           0.0000     42.2453     8.4290   0.9120    3.3313    0.0000
  6455.30    4.1734   10.9312           0.0000     42.2166     8.3981   0.9143    3.3313    0.0000
  6455.60    4.1295   10.9745           0.0000     42.5694     8.3115   0.8508    3.3313    0.0000
  6458.60    4.6305   10.9501           0.0000     40.7168     8.5359   0.8545    3.3313    0.0000
  6463.80    4.1585   10.9774           0.0000     44.1363     7.6454   0.3072    3.3313    0.0000
  6464.50    4.1414   11.0752           0.0000     44.4138     7.5869   0.1601    3.3313    0.0000
  6464.60    4.1651   11.0965           0.0000     44.3788     7.5565   0.1332    3.3313    0.0000
  6464.60    4.1916   11.0285           0.0000     44.4135     7.5266   0.1364    3.3313    0.0000
  6464.70    4.1689   11.0497           0.0000     44.4967     7.5395   0.0179    3.3313    0.0000
  6464.70    4.1995   11.0600           0.0000     44.4211     7.5546   0.1098    3.3313    0.0000
  6464.70    4.1553   11.1009           0.0000     44.4167     7.5694   0.0307    3.3313    0.0000
  6464.80    4.1584   11.0678           0.0000     44.3571     7.5310   0.0164    3.3313    0.0000
  6499.90    6.7774   13.0189           0.0000     48.1569     0.0125   0.9131    3.3313    0.0000

  6455.19    4.1581   10.9285           0.0000     43.1051     8.4233   0.9153    3.3313    0.0000
