  6449.60    7.9899   15.4316           0.0000     58.0673     4.9730   1.0000    3.8551    0.0000
  6449.60    7.9929   15.4352           0.0000     58.0986     4.9916   1.0000    3.8551    0.0000
  6449.60    7.9823   15.4246           0.0000     58.4974     5.0333   1.0000    3.8551    0.0000
  6449.60    8.0040   15.4420           0.0000     58.0018     4.9116   1.0000    3.8551    0.0000
  6449.60    7.9790   15.4212           0.0000     58.1017     4.9677   1.0000    3.8551    0.0000
  6449.60    7.9876   15.4415           0.0000     58.3556     4.9900   1.0000    3.8551    0.0000
  6449.60    7.9850   15.4244           0.0000     58.1054     4.9982   1.0000    3.8551    0.0000
  6449.60    7.9882   15.4296           0.0000     58.1627     4.9903   1.0000    3.8551    0.0000
  6449.60    7.9884   15.4483           0.0000     58.0893     4.9673   1.0000    3.8551    0.0000
  6449.60    7.9850   15.4358           0.0000     58.7775     4.9987   1.0000    3.8551    0.0000
  6449.60    7.9913   15.4101           0.0000     58.0125     4.9917   1.0000    3.8551    0.0000
  6449.60    7.9967   15.4392           0.0000     58.0917     4.9515   1.0000    3.8551    0.0000
  6449.60    7.9871   15.4384           0.0000     58.0407     4.9652   1.0000    3.8551    0.0000
  6449.70    7.9472   15.4556           0.0000     59.7859     5.0821   0.9999    3.8551    0.0000
  6449.80    8.0915   15.5875           0.0000     59.9042     4.4782   1.0000    3.8551    0.0000
  6450.80    7.4818   15.1325           0.0000     55.9512     5.7226   0.9974    3.8551    0.0000
  6476.80    8.1342   14.1025           0.0000     55.4793     1.0252   0.5120    3.8551    0.0000
  6476.90    8.1691   13.8800           0.0000     59.9057     0.5994   0.2909    3.8551    0.0000
  6476.90    8.1711   13.9141           0.0000     59.9445     0.5820   0.2896    3.8551    0.0000
  6476.90    8.1462   13.8912           0.0000     59.9626     0.3184   0.2878    3.8551    0.0000
  6476.90    8.1617   13.9120           0.0000     59.9419     0.2920   0.2888    3.8551    0.0000
  6477.00    8.1291   13.9008           0.0000     59.7800     0.0060   0.2979    3.8551    0.0000
  6477.10    8.1507   13.8755           0.0000     59.9985     0.5377   0.2037    3.8551    0.0000
  6477.20    8.1533   13.8748           0.0000     59.9741     0.5752   0.0197    3.8551    0.0000
  6477.20    8.1450   13.8661           0.0000     59.9315     0.5820   0.0129    3.8551    0.0000
  6477.20    8.1424   13.8731           0.0000     59.9690     0.4989   0.0543    3.8551    0.0000
  6477.20    8.1425   13.8669           0.0000     59.9267     0.5671   0.0122    3.8551    0.0000
  6477.20    8.1442   13.8676           0.0000     59.9986     0.5762   0.0428    3.8551    0.0000
  6477.20    8.1449   13.8518           0.0000     59.9392     0.7198   0.0879    3.8551    0.0000
  6477.20    8.1444   13.8313           0.0000     59.9733     0.6557   0.1325    3.8551    0.0000

  6455.13    7.9999   15.1293           0.0000     58.3668     4.1269   0.8689    3.8551    0.0000
