  4532.00    2.4864    6.1235           0.0001     21.8529     2.1540   1.0000    2.0976    0.0000
  4532.00    2.5328    6.1505           0.0002     21.8641     2.0951   1.0000    2.0976    0.0000
  4532.00    2.5104    6.1794           0.0000     21.8497     2.0914   1.0000    2.0976    0.0000
  4532.00    2.5441    6.1770           0.0000     21.8352     2.0608   1.0000    2.0976    0.0000
  4532.00    2.5339    6.1652           0.0000     21.8439     2.0787   1.0000    2.0976    0.0000
  4532.10    2.5998    6.1710           0.0000     21.6312     1.9519   0.9998    2.0976    0.0000
  4532.10    2.5533    6.1617           0.0004     21.8423     2.0595   1.0000    2.0976    0.0000
  4532.10    2.3981    6.1425           0.0000     21.8007     2.2608   1.0000    2.0976    0.0000
  4532.10    2.5123    6.1398           0.0004     21.8513     2.1296   1.0000    2.0976    0.0000
  4532.20    2.6038    6.1191           0.0002     21.8430     1.9652   0.9998    2.0976    0.0000
  4532.30    2.5151    6.1386           0.0011     21.8332     2.1235   1.0000    2.0976    0.0000
  4532.30    2.5149    6.1427           0.0009     21.8422     2.1198   0.9996    2.0976    0.0000
  4532.40    2.5326    6.1255           0.0013     21.8608     2.0720   0.9999    2.0976    0.0000
  4532.40    2.6318    6.2103           0.0003     22.0720     2.0161   0.9993    2.0976    0.0000
  4532.40    2.4964    6.1446           0.0011     21.8454     2.1780   1.0000    2.0976    0.0000
  4532.40    2.5177    6.2052           0.0007     22.0555     2.1032   0.9997    2.0976    0.0000
  4532.60    2.4075    6.1278           0.0008     21.7551     2.3368   0.9999    2.0976    0.0000
  4533.20    2.5603    6.1478           0.0029     21.8570     2.0460   0.9987    2.0976    0.0000
  4534.10    2.9437    6.1792           0.0012     21.8156     1.2944   0.9962    2.0976    0.0000
  4534.20    3.0509    6.2686           0.0003     21.6149     0.7390   0.9999    2.0976    0.0000
  4534.30    3.0690    6.3149           0.0001     21.6434     0.5845   0.9992    2.0976    0.0000
  4534.60    3.1167    6.3032           0.0002     21.6251     0.1683   1.0000    2.0976    0.0000
  4534.70    3.1156    6.6563           0.0000     21.5969     0.0062   0.9852    2.0976    0.0000
  4534.80    3.1086    6.3647           0.0011     21.4597     0.0413   1.0000    2.0976    0.0000
  4535.70    2.4902    6.0629           0.0080     22.0499     2.2105   0.9992    2.0976    0.0000
  4536.30    3.1235    6.2565           0.0033     21.6784     0.1777   0.9985    2.0976    0.0000
  4553.10    1.9701    6.6769           0.0033     24.0022     2.4685   0.9698    2.0976    0.0000
  4553.30    2.1447    6.0037           0.0004     23.4783     2.6766   0.8106    2.0976    0.0000
  4569.30    3.1843    6.1905           0.0008     23.6929     0.0164   0.6279    2.0976    0.0000
  4584.10    2.5301    5.9816           0.0005     26.0665     2.0511   0.1311    2.0976    0.0000

  4532.44    2.5723    6.1610           0.0006     21.8383     1.9938   0.9996    2.0976    0.0000
