  5886.20    2.6980    9.6563           0.0012     34.6496     0.0430   0.9358    3.1069    0.0000
  5886.20    2.6976    9.6513           0.0016     34.8473     0.0398   0.9257    3.1069    0.0000
  5886.20    2.6960    9.8040           0.0017     34.2456     0.0447   0.9586    3.1069    0.0000
  5886.30    2.6979    9.7876           0.0015     34.7192     0.0364   0.9145    3.1069    0.0000
  5886.30    2.7453    9.8547           0.0021     34.4328     0.0162   0.9759    3.1069    0.0000
  5886.30    2.6962    9.5189           0.0014     34.9498     0.0406   0.9309    3.1069    0.0000
  5886.30    2.8199    9.6538           0.0009     34.4657     0.0395   0.9219    3.1069    0.0000
  5886.40    2.6963    9.6474           0.0012     34.7670     0.0393   0.8874    3.1069    0.0000
  5886.40    2.7003    9.6525           0.0011     34.2445     0.0443   0.9131    3.1069    0.0000
  5886.50    2.7472    9.5628           0.0013     34.9205     0.0152   0.9135    3.1069    0.0000
  5886.50    2.6994    9.8177           0.0021     34.3869     0.0473   0.9979    3.1069    0.0000
  5886.60    2.7437    9.7107           0.0014     34.5674     0.1022   0.9426    3.1069    0.0000
  5886.60    2.7434    9.7170           0.0013     34.4219     0.1150   0.9460    3.1069    0.0000
  5886.70    2.7446    9.7111           0.0013     34.5457     0.1457   0.9310    3.1069    0.0000
  5886.70    2.7422   10.0121           0.0012     33.8580     0.0182   0.9983    3.1069    0.0000
  5886.70    2.7401    9.7211           0.0016     34.4023     0.1329   0.9606    3.1069    0.0000
  5886.80    2.6978    9.7806           0.0005     34.4821     0.0380   0.8993    3.1069    0.0000
  5886.80    2.7462    9.7009           0.0012     34.7832     0.1276   0.9118    3.1069    0.0000
  5886.80    2.7389    9.6404           0.0026     34.7906     0.0372   0.8802    3.1069    0.0000
  5886.90    2.7018    9.5252           0.0005     34.4990     0.0477   0.9356    3.1069    0.0000
  5888.10    2.6696    9.4844           0.0022     35.9359     0.0374   0.7640    3.1069    0.0000
  5888.50    2.6874    9.4868           0.0037     35.3437     0.0355   0.7619    3.1069    0.0000
  5889.00    2.6948    9.3904           0.0008     35.8394     0.0322   0.7204    3.1069    0.0000
  5889.40    2.6988    9.4789           0.0008     35.8680     0.0374   0.6575    3.1069    0.0000
  5889.60    2.6953    9.4791           0.0010     36.0831     0.0390   0.6272    3.1069    0.0000
  5891.20    2.6972    9.4752           0.0014     36.0222     0.0445   0.4972    3.1069    0.0000
  5891.60    2.6948    9.4729           0.0011     36.5322     0.0424   0.4516    3.1069    0.0000
  5892.00    2.7002    9.4766           0.0010     36.4821     0.0462   0.4122    3.1069    0.0000
  5893.10    2.7551    9.4706           0.0014     36.5001     0.0764   0.2928    3.1069    0.0000
  5893.30    2.6969    9.4702           0.0011     36.6650     0.0513   0.0436    3.1069    0.0000

  5886.51    2.7246    9.7063           0.0014     34.5490     0.0585   0.9340    3.1069    0.0000
