  6029.20    4.2732   10.1952           0.0020     29.2548     0.0060   0.9989    3.8106    0.0000
  6030.00    3.7609   10.4569           0.0086     31.1044     0.0075   0.9977    3.8106    0.0000
  6031.60    4.0034   10.3221           0.0015     30.8435     0.0061   0.9916    3.8106    0.0000
  6031.90    3.9505   10.2775           0.0066     30.2550     0.0589   1.0000    3.8106    0.0000
  6032.00    3.9018   10.3364           0.0064     30.4324     0.3972   1.0000    3.8106    0.0000
  6032.00    3.9212   10.3743           0.0059     30.4505     0.3135   0.9998    3.8106    0.0000
  6032.00    3.9397   10.3480           0.0056     30.2567     0.2296   1.0000    3.8106    0.0000
  6032.10    3.9805   10.3861           0.0053     30.2226     0.2019   0.9998    3.8106    0.0000
  6032.20    3.8680   10.3870           0.0051     30.0127     0.0975   1.0000    3.8106    0.0000
  6032.20    3.8391   10.3823           0.0069     30.4423     0.7227   1.0000    3.8106    0.0000
  6032.20    4.0742   10.3648           0.0052     30.4568     0.0475   0.9992    3.8106    0.0000
  6032.30    3.7962   10.3396           0.0066     30.4153     0.9479   1.0000    3.8106    0.0000
  6032.30    3.8248   10.3127           0.0072     30.4424     0.8976   0.9998    3.8106    0.0000
  6032.30    3.8208   10.2753           0.0070     30.4196     1.0278   0.9999    3.8106    0.0000
  6032.40    3.8077   10.3716           0.0062     30.0781     0.9818   0.9987    3.8106    0.0000
  6032.60    3.9304   10.4001           0.0087     30.4757     0.7886   0.9995    3.8106    0.0000
  6032.70    3.9419   10.3234           0.0042     29.8468     0.8635   0.9993    3.8106    0.0000
  6036.50    4.0752   10.5353           0.0009     30.0830     0.0545   0.9997    3.8106    0.0000
  6036.90    3.9238   10.5412           0.0018     31.9542     0.0062   0.9448    3.8106    0.0000
  6037.60    4.1615   10.8621           0.0027     31.0374     0.0063   0.8977    3.8106    0.0000
  6038.90    3.5665    9.6369           0.0144     32.9629     0.2439   0.9986    3.8106    0.0000
  6039.00    3.6930    9.6958           0.0086     30.0621     0.0058   0.8164    3.8106    0.0000
  6041.30    3.9185    9.8430           0.0024     32.5905     0.0059   0.8426    3.8106    0.0000
  6042.10    3.5624    9.8275           0.0069     31.5995     0.0511   0.8796    3.8106    0.0000
  6044.80    3.7934   10.1032           0.0012     32.1290     0.0060   0.7409    3.8106    0.0000
  6046.60    3.4372    9.6094           0.0068     33.0244     0.0058   0.7082    3.8106    0.0000
  6050.50    3.7109   10.0627           0.0020     33.6500     0.0099   0.5734    3.8106    0.0000
  6056.80    3.5757    9.7366           0.0075     34.6944     0.0704   0.3361    3.8106    0.0000
  6057.80    3.6198    9.7908           0.0088     34.5641     0.2134   0.0114    3.8106    0.0000
  6060.00    3.6757    9.7319           0.0026     34.0935     0.0837   0.0547    3.8106    0.0000

  6032.65    3.9397   10.3896           0.0052     30.4242     0.3831   0.9913    3.8106    0.0000
