  6405.30    7.7766   12.4426           0.0067     58.2794     0.0074   0.9946    3.8551    0.0000
  6405.80    8.0454   12.3152           0.0034     53.0360     0.0073   0.9891    3.8551    0.0000
  6411.50    7.8355   12.4613           0.0066     55.8841     0.0466   0.9998    3.8551    0.0000
  6412.20    7.8324   12.5758           0.0065     59.5995     0.0441   1.0000    3.8551    0.0000
  6412.30    8.0204   12.0853           0.0056     59.6631     0.0072   0.8928    3.8551    0.0000
  6412.70    7.5094   11.4678           0.0187     59.8100     0.0063   0.0110    3.8551    0.0000
  6412.90    7.6333   11.5565           0.0136     59.8095     0.0061   0.1063    3.8551    0.0000
  6413.10    7.6435   11.6604           0.0073     59.9598     0.0062   0.0228    3.8551    0.0000
  6413.50    7.6448   11.5564           0.0080     59.6376     0.0064   0.0154    3.8551    0.0000
  6413.70    7.6443   11.5580           0.0080     59.2501     0.0063   0.1792    3.8551    0.0000
  6413.90    7.2587   11.3681           0.0270     59.7243     0.0058   0.1616    3.8551    0.0000
  6414.40    7.4589   11.5489           0.0177     59.9955     0.0352   0.0100    3.8551    0.0000
  6414.40    7.6435   11.1424           0.0163     59.8282     0.0058   0.0110    3.8551    0.0000
  6414.50    7.4635   11.5520           0.0143     59.9816     0.0350   0.0483    3.8551    0.0000
  6414.50    7.4583   11.5486           0.0181     59.9934     0.0357   0.0101    3.8551    0.0000
  6414.50    7.4574   11.5541           0.0149     59.9846     0.0356   0.1779    3.8551    0.0000
  6414.90    7.7595   11.7604           0.0028     59.9952     0.0063   0.0740    3.8551    0.0000
  6415.20    7.4374   11.5688           0.0171     59.9978     0.2236   0.2568    3.8551    0.0000
  6415.50    7.5856   12.1143           0.0204     50.9967     0.0447   0.9486    3.8551    0.0000
  6415.60    7.7093   11.5579           0.0092     59.9386     0.0366   0.2809    3.8551    0.0000
  6417.00    7.6461   11.6596           0.0004     57.8258     0.0061   0.1680    3.8551    0.0000
  6417.10    7.6002   11.6386           0.0059     59.4241     0.3093   0.3166    3.8551    0.0000
  6417.70    8.3066   12.5542           0.0053     45.9875     0.0074   0.5482    3.8551    0.0000
  6417.80    7.5864   11.7754           0.0019     59.9883     0.0436   0.2873    3.8551    0.0000
  6418.00    7.4673   11.6510           0.0094     55.8100     0.0330   0.5038    3.8551    0.0000
  6418.50    7.7097   11.6586           0.0006     59.8983     0.0386   0.0141    3.8551    0.0000
  6419.20    7.7140   11.6574           0.0003     59.9065     0.0749   0.0832    3.8551    0.0000
  6419.30    7.7103   11.7311           0.0001     59.8089     0.0513   0.1848    3.8551    0.0000
  6421.50    7.5699   11.6734           0.0000     55.2869     0.0075   0.6379    3.8551    0.0000
  6421.80    8.0720   12.0993           0.0001     56.9004     0.0081   0.6024    3.8551    0.0000

  6413.02    7.6409   11.7697           0.0121     58.7682     0.0304   0.3595    3.8551    0.0000
