  6429.20    5.0752   10.3273           0.0000     45.1141     4.8606   0.8730    3.3313    0.0000
  6429.20    5.1073   10.3527           0.0000     44.9442     4.7970   0.8757    3.3313    0.0000
  6429.20    5.1082   10.3531           0.0000     44.9663     4.8114   0.8706    3.3313    0.0000
  6429.20    5.0346   10.3156           0.0000     44.8782     4.8818   0.8665    3.3313    0.0000
  6429.20    5.1256   10.3579           0.0000     44.9128     4.7880   0.8742    3.3313    0.0000
  6429.20    5.1013   10.3552           0.0000     44.8987     4.8221   0.8755    3.3313    0.0000
  6429.20    5.0981   10.3304           0.0000     44.8753     4.8321   0.8775    3.3313    0.0000
  6429.20    5.0546   10.3350           0.0000     44.9222     4.9333   0.9016    3.3313    0.0000
  6429.20    5.1008   10.3518           0.0000     44.8692     4.8170   0.8676    3.3313    0.0000
  6429.20    5.1543   10.3654           0.0000     44.9495     4.7308   0.8854    3.3313    0.0000
  6429.20    5.1033   10.3487           0.0000     44.9505     4.7984   0.8759    3.3313    0.0000
  6429.20    5.1001   10.3690           0.0000     44.6755     4.8061   0.8767    3.3313    0.0000
  6429.20    5.0942   10.3532           0.0000     44.9306     4.8209   0.8747    3.3313    0.0000
  6429.20    5.1083   10.3579           0.0000     44.9698     4.7943   0.8753    3.3313    0.0000
  6429.20    5.0612   10.3643           0.0000     44.9215     4.8851   0.8889    3.3313    0.0000
  6429.20    5.0966   10.3508           0.0000     44.9662     4.8272   0.8781    3.3313    0.0000
  6429.30    5.1322   10.3415           0.0000     47.1425     4.7504   0.9137    3.3313    0.0000
  6429.30    5.1759   10.4189           0.0000     44.7961     4.7361   0.8694    3.3313    0.0000
  6429.30    5.1488   10.3830           0.0001     44.7824     4.7126   0.8466    3.3313    0.0000
  6429.40    5.1578   10.3471           0.0000     47.2333     4.8048   0.9249    3.3313    0.0000
  6429.40    5.0153   10.2948           0.0000     45.1011     4.9228   0.8143    3.3313    0.0000
  6429.50    5.5357   10.4728           0.0000     45.4868     3.9264   0.8472    3.3313    0.0000
  6429.50    5.0009   10.3648           0.0000     44.8567     4.9238   0.8015    3.3313    0.0000
  6429.50    5.2262   10.2754           0.0001     44.5392     4.6665   0.8619    3.3313    0.0000
  6430.40    6.3330   10.7063           0.0000     46.1647     1.6680   0.8202    3.3313    0.0000
  6432.20    5.8037   10.5268           0.0000     46.7925     3.1057   0.2931    3.3313    0.0000
  6432.30    5.6397   10.4634           0.0000     46.8005     3.4304   0.2207    3.3313    0.0000
  6432.30    5.7570   10.5067           0.0000     46.8506     3.1916   0.2409    3.3313    0.0000
  6432.50    6.3695   10.7285           0.0000     46.8894     0.9507   0.2672    3.3313    0.0000
  6432.60    6.1624   10.6415           0.0000     47.3225     1.9412   0.0106    3.3313    0.0000

  6429.22    5.1069   10.3539           0.0000     45.1349     4.8105   0.8796    3.3313    0.0000
