  5036.80    3.8823    6.0562           0.0000     23.0811   -11.2497   4.9000    2.0902    0.0000
  5036.90    3.8749    6.0558           0.0000     23.0065   -11.2951   5.0353    2.0902    0.0000
  5037.10    3.8884    5.9983           0.0000     23.0741   -11.2912   4.9718    2.0902    0.0000
  5037.20    3.9135    6.0732           0.0000     22.9656   -11.2920   4.6736    2.0902    0.0000
  5037.20    3.9584    5.8222           0.0000     22.9431   -11.3927   4.8250    2.0902    0.0000
  5037.30    3.8239    5.9756           0.0000     22.8486   -11.0998   4.7933    2.0902    0.0000
  5037.40    3.7024    5.9067           0.0000     22.9100   -11.4549   4.9398    2.0902    0.0000
  5037.80    3.9393    6.1155           0.0000     23.0978   -11.4150   4.8333    2.0902    0.0000
  5038.30    3.8203    5.7869           0.0000     22.8966   -11.2965   4.8620    2.0902    0.0000
  5038.90    3.9724    6.3362           0.0000     23.0988   -11.4888   4.8456    2.0902    0.0000
  5039.00    3.8224    5.7286           0.0000     22.5013   -11.4749   4.9412    2.0902    0.0000
  5044.30    3.5542    5.8927           0.0000     23.1785   -11.5854   5.8453    2.0902    0.0000
  5045.70    4.0950    5.5815           0.0000     22.4867   -11.6983   4.4138    2.0902    0.0000
  5046.20    4.1003    6.3335           0.0000     23.6957   -11.0865   4.6140    2.0902    0.0000
  5057.30    4.3683    6.0854           0.0000     21.9276   -11.0855   2.8370    2.0902    0.0000
  5073.50    4.6264    6.1097           0.0000     21.5759   -11.2999   1.9180    2.0902    0.0000
  5080.80    5.0088    5.5314           0.0000     21.2470   -10.5530   0.0050    2.0902    0.0000
  5087.60    4.7182    5.2592           0.0000     20.9882   -11.0378   0.0058    2.0902    0.0000
  5089.60    4.8983    6.3197           0.0000     21.3245   -11.0279   0.1478    2.0902    0.0000
  5089.70    4.8514    6.2904           0.0000     21.6564   -11.1057   0.1279    2.0902    0.0000
  5089.90    5.0090    6.3766           0.0000     21.6181   -11.0908   0.1466    2.0902    0.0000
  5097.50    4.9827    6.6380           0.0000     21.4219   -10.9862   0.1033    2.0902    0.0000
  5097.70    4.7756    6.0894           0.0000     21.3871   -11.0910   0.0897    2.0902    0.0000
  5102.10    4.8137    6.1706           0.0000     21.3807   -10.9980   0.0522    2.0902    0.0000
  5106.00    5.1139    6.2998           0.0000     21.7377   -11.2903   0.0434    2.0902    0.0000
  5110.70    4.7651    5.7838           0.0000     21.1003   -10.7871   0.0568    2.0902    0.0000
  5377.30    1.1582    6.6787           0.0000     23.9844   -11.5849   7.1865    2.0902    0.0000
  5436.30    1.0220    5.7399           0.0000     22.2282   -11.7047   5.8444    2.0902    0.0000
  5451.00    1.0032    5.2706           0.0000     23.0565   -12.0956   6.0777    2.0902    0.0000
  5917.90    1.1163    5.1500           0.0000     18.4330    -8.8043   0.0066    2.0902    0.0000

  5051.43    4.1410    5.9629           0.0000     22.5252   -11.2615   3.6768    2.0902    0.0000
