  4416.80    6.3866    8.5509           0.0000     20.2045   -12.7345   0.5428    2.6041    0.0000    0.5000
  4416.90    6.3769    8.3505           0.0000     20.1327   -12.6238   0.0614    2.6041    0.0000    0.5000
  4417.00    6.2671    8.5528           0.0000     20.2290   -12.7433   0.7223    2.6041    0.0000    0.5000
  4417.00    6.2920    8.5849           0.0000     20.1202   -12.7557   0.6802    2.6041    0.0000    0.5000
  4417.10    6.3562    8.5009           0.0000     20.2004   -12.6496   0.7717    2.6041    0.0000    0.5000
  4417.10    6.2893    8.3887           0.0000     20.1792   -12.7323   0.6629    2.6041    0.0000    0.5000
  4417.30    6.3898    8.5121           0.0000     20.3572   -12.7008   0.8447    2.6041    0.0000    0.5000
  4417.80    6.3713    8.7297           0.0000     20.4728   -12.8226   1.2860    2.6041    0.0000    0.5000
  4418.00    6.6383    8.9288           0.0000     20.4073   -12.8928   0.8080    2.6041    0.0000    0.5000
  4418.50    6.3770    8.7271           0.0000     20.4466   -12.8043   1.7093    2.6041    0.0000    0.5000
  4418.60    6.1995    8.3092           0.0000     20.1339   -12.8910   1.3104    2.6041    0.0000    0.5000
  4418.70    6.7601    8.7237           0.0000     20.5829   -12.9300   0.9325    2.6041    0.0000    0.5000
  4419.00    6.4922    8.7163           0.0000     20.4281   -12.8564   1.8833    2.6041    0.0000    0.5000
  4419.00    6.4954    8.5547           0.0000     20.4682   -12.8933   1.8118    2.6041    0.0000    0.5000
  4419.20    6.3480    8.6795           0.0000     20.5022   -12.8106   2.1143    2.6041    0.0000    0.5000
  4419.40    6.4709    8.6795           0.0000     20.5450   -12.8148   2.0819    2.6041    0.0000    0.5000
  4419.70    6.3177    8.6454           0.0000     20.5871   -12.7471   2.2448    2.6041    0.0000    0.5000
  4420.00    6.6669    9.0902           0.0000     20.6450   -12.7281   1.4458    2.6041    0.0000    0.5000
  4420.50    6.5545    8.7991           0.0000     20.6867   -12.7473   2.2739    2.6041    0.0000    0.5000
  4422.50    6.1049    8.6624           0.0000     20.7530   -12.9769   3.3566    2.6041    0.0000    0.5000
  4423.30    6.0966    8.6077           0.0000     20.8639   -12.9140   3.5874    2.6041    0.0000    0.5000
  4423.50    6.0757    8.8127           0.0000     20.7341   -12.8293   3.5819    2.6041    0.0000    0.5000
  4423.70    6.0983    8.8229           0.0000     20.8958   -12.9565   3.6557    2.6041    0.0000    0.5000
  4424.20    6.7347    9.0248           0.0000     20.8956   -12.9842   2.9741    2.6041    0.0000    0.5000
  4424.70    5.9361    8.5173           0.0000     20.8333   -12.7408   3.8420    2.6041    0.0000    0.5000
  4427.80    5.9692    8.5569           0.0000     21.1905   -13.0162   4.8898    2.6041    0.0000    0.5000
  4428.20    5.7727    8.4352           0.0000     21.0659   -13.1408   4.9049    2.6041    0.0000    0.5000
  4428.80    6.0443    8.8319           0.0000     21.4965   -13.0568   4.9241    2.6041    0.0000    0.5000
  4438.60    5.7377    8.2055           0.0000     21.9035   -13.3564   7.2045    2.6041    0.0000    0.5000
  4448.30    5.3547    9.3946           0.0000     22.7378   -13.4196   8.6602    2.6041    0.0000    0.5000

  4418.50    6.4077    8.6343           0.0000     20.4041   -12.7928   1.3772    2.6041    0.0000    0.5000
