  5077.90    8.6132    8.7898           0.0000     36.0736   -21.3825   0.3722    1.8928    0.0000
  5077.90    8.6026    8.7645           0.0000     35.9138   -21.2370   0.4203    1.8928    0.0000
  5078.00    8.7330    8.7995           0.0000     35.9572   -21.1175   0.0887    1.8928    0.0000
  5078.10    8.5214    8.6963           0.0000     35.9889   -21.5356   0.2780    1.8928    0.0000
  5078.20    8.5401    8.8589           0.0000     35.9793   -21.5349   0.4144    1.8928    0.0000
  5078.30    8.7411    8.5985           0.0000     36.0724   -21.2913   0.1443    1.8928    0.0000
  5078.30    8.5136    8.8635           0.0000     35.7867   -21.3098   0.4436    1.8928    0.0000
  5078.50    8.8160    8.9792           0.0000     35.7599   -21.2323   0.6340    1.8928    0.0000
  5078.60    8.4992    8.9557           0.0000     35.8995   -21.2543   0.5267    1.8928    0.0000
  5078.70    8.4964    8.6667           0.0000     36.2825   -21.6200   0.1692    1.8928    0.0000
  5079.10    8.4707    8.6142           0.0000     35.3072   -21.3618   1.2297    1.8928    0.0000
  5079.40    8.9281    8.5498           0.0000     36.3578   -21.3463   0.1470    1.8928    0.0000
  5080.00    8.5726    8.5761           0.0000     36.5792   -21.5286   2.7179    1.8928    0.0000
  5080.00    8.6452    8.8118           0.0000     35.4720   -21.1320   2.6579    1.8928    0.0000
  5080.00    8.6838    8.7017           0.0000     36.7891   -21.4050   1.6618    1.8928    0.0000
  5080.00    8.4252    8.6311           0.0000     35.4917   -20.8041   1.7569    1.8928    0.0000
  5080.10    8.7270    8.6413           0.0000     36.4931   -21.4664   1.9833    1.8928    0.0000
  5080.30    8.6171    8.7868           0.0000     37.0777   -21.4348   1.5698    1.8928    0.0000
  5080.40    8.6719    8.6633           0.0000     36.9996   -21.5758   1.1924    1.8928    0.0000
  5080.40    8.5526    8.5564           0.0000     36.6509   -21.5016   3.1632    1.8928    0.0000
  5080.60    8.6231    8.7377           0.0000     36.5059   -21.5666   1.0712    1.8928    0.0000
  5080.80    8.9221    8.5890           0.0000     37.0084   -21.3231   2.4983    1.8928    0.0000
  5080.90    8.5884    8.7429           0.0000     36.2624   -21.3161   0.9172    1.8928    0.0000
  5082.50    8.1381    8.1492           0.0000     35.3563   -21.3132   3.6904    1.8928    0.0000
  5088.90    8.6376    8.9542           0.0000     37.3256   -21.8232   0.0050    1.8928    0.0000
  5097.90    8.3060    9.6674           0.0000     38.9962   -21.4179   0.1088    1.8928    0.0000
  5111.00    8.4988    8.0488           0.0000     42.0985   -21.7554   0.0361    1.8928    0.0000
  5112.50    7.2349    8.1604           0.0000     38.1469   -21.1219   0.0313    1.8928    0.0000
  5123.40    8.7749    7.3898           0.0000     36.6458   -23.6438   0.0098    1.8928    0.0000
  5143.90    7.9637    8.2960           0.0000     53.1856   -22.4741   1.0346    1.8928    0.0000

  5079.11    8.6185    8.7253           0.0000     36.1466   -21.3536   1.0786    1.8928    0.0000
