  5025.90    8.0178    8.9428           0.0000     15.3596   -13.1587   2.9382    2.7094    0.0000    0.5000
  5026.10    8.0129    8.7500           0.0000     15.2538   -13.1910   2.6269    2.7094    0.0000    0.5000
  5026.10    7.8475    8.9505           0.0000     15.4358   -13.2131   3.3656    2.7094    0.0000    0.5000
  5026.10    8.2399    8.8802           0.0000     15.0284   -13.1014   0.8121    2.7094    0.0000    0.5000
  5026.20    7.8483    8.9535           0.0000     15.5392   -13.3241   3.7146    2.7094    0.0000    0.5000
  5026.20    7.9923    8.9480           0.0000     15.4746   -13.2792   3.5339    2.7094    0.0000    0.5000
  5026.20    7.8884    8.9735           0.0000     15.3815   -13.2212   3.2513    2.7094    0.0000    0.5000
  5026.40    8.3135    9.0339           0.0000     15.0951   -13.0774   0.8937    2.7094    0.0000    0.5000
  5026.40    8.2100    8.9653           0.0000     15.2025   -13.1171   1.3450    2.7094    0.0000    0.5000
  5026.50    7.9455    9.0343           0.0000     15.6289   -13.2684   3.5460    2.7094    0.0000    0.5000
  5026.50    7.9349    8.8616           0.0000     15.5535   -13.1289   3.8123    2.7094    0.0000    0.5000
  5026.60    7.9399    9.0622           0.0000     15.6100   -13.2969   3.9999    2.7094    0.0000    0.5000
  5026.70    8.0826    9.0289           0.0000     15.6104   -13.2163   3.7433    2.7094    0.0000    0.5000
  5026.80    7.9967    8.7220           0.0000     14.9851   -13.1310   0.4947    2.7094    0.0000    0.5000
  5026.80    7.8180    8.8825           0.0000     15.6929   -13.3801   4.2595    2.7094    0.0000    0.5000
  5026.90    7.6752    8.6436           0.0000     15.2001   -13.2976   3.0153    2.7094    0.0000    0.5000
  5026.90    8.5365    8.9912           0.0000     15.1957   -13.0820   0.4897    2.7094    0.0000    0.5000
  5027.20    8.0809    9.0091           0.0000     15.7001   -13.2541   4.2523    2.7094    0.0000    0.5000
  5027.60    8.1178    8.4937           0.0000     15.0706   -13.1921   1.0355    2.7094    0.0000    0.5000
  5027.90    7.6232    9.0580           0.0000     15.8590   -13.4381   4.8611    2.7094    0.0000    0.5000
  5028.00    8.1294    8.8722           0.0000     14.9185   -13.0905   0.1643    2.7094    0.0000    0.5000
  5028.20    8.2922    9.0638           0.0000     14.9776   -13.0561   0.2602    2.7094    0.0000    0.5000
  5028.30    8.1650    8.9117           0.0000     14.9234   -13.1119   0.1391    2.7094    0.0000    0.5000
  5028.50    7.9124    8.8089           0.0000     15.8464   -13.3900   5.0392    2.7094    0.0000    0.5000
  5028.60    7.7838    9.0712           0.0000     15.8360   -13.4465   5.1955    2.7094    0.0000    0.5000
  5028.60    7.8428    9.1701           0.0000     15.9132   -13.3575   5.0368    2.7094    0.0000    0.5000
  5028.60    8.0682    9.5329           0.0000     15.6105   -13.1024   3.7906    2.7094    0.0000    0.5000
  5029.50    7.7452    9.0117           0.0000     16.0624   -13.5670   5.4529    2.7094    0.0000    0.5000
  5033.80    7.7660    9.3999           0.0000     16.2872   -13.3498   6.3731    2.7094    0.0000    0.5000
  5078.10    6.1299    8.4767           0.0000     15.0932   -14.0974   0.0943    2.7094    0.0000    0.5000

  5026.60    8.0061    8.9092           0.0000     15.3938   -13.2184   2.7995    2.7094    0.0000    0.5000
