  4461.90    6.7924   10.4284           0.0000     32.9561   -17.3723   2.1637    1.5830    0.0000    0.5000
  4461.90    6.8686   10.3944           0.0000     33.0512   -17.3536   2.1487    1.5830    0.0000    0.5000
  4462.00    6.7503   10.3997           0.0000     33.0889   -17.3424   2.6887    1.5830    0.0000    0.5000
  4462.10    6.7800   10.4447           0.0000     33.0952   -17.4541   2.7866    1.5830    0.0000    0.5000
  4462.10    6.7825   10.4654           0.0000     32.8264   -17.3187   1.6458    1.5830    0.0000    0.5000
  4462.30    6.7186   10.5183           0.0000     32.8177   -17.4906   1.9632    1.5830    0.0000    0.5000
  4462.30    6.8759   10.1731           0.0000     32.8198   -17.2727   1.9669    1.5830    0.0000    0.5000
  4462.30    6.8915   10.3645           0.0000     33.1901   -17.3342   2.2742    1.5830    0.0000    0.5000
  4462.40    6.7291   10.5998           0.0000     33.0318   -17.2332   2.2428    1.5830    0.0000    0.5000
  4462.40    6.9785   10.5141           0.0000     32.8155   -17.4304   1.7415    1.5830    0.0000    0.5000
  4462.40    6.8862   10.3889           0.0000     32.9166   -17.2556   1.5865    1.5830    0.0000    0.5000
  4462.40    6.6490   10.3948           0.0000     33.0834   -17.3423   2.9809    1.5830    0.0000    0.5000
  4462.50    6.7232   10.3301           0.0000     33.2241   -17.3430   2.7329    1.5830    0.0000    0.5000
  4462.60    6.8263   10.5143           0.0000     32.8981   -17.4525   1.2451    1.5830    0.0000    0.5000
  4462.60    6.8074   10.0462           0.0000     32.6815   -17.3590   2.1335    1.5830    0.0000    0.5000
  4462.70    6.9373   10.3938           0.0000     33.0627   -17.3781   1.3658    1.5830    0.0000    0.5000
  4462.70    6.6669   10.1893           0.0000     32.9707   -17.3440   3.1500    1.5830    0.0000    0.5000
  4462.70    7.0003   10.1692           0.0000     32.8710   -17.2107   1.5589    1.5830    0.0000    0.5000
  4462.70    6.8997   10.4250           0.0000     32.8093   -17.2319   1.1540    1.5830    0.0000    0.5000
  4462.90    6.8467   10.5138           0.0000     32.8437   -17.4354   0.9059    1.5830    0.0000    0.5000
  4462.90    6.7122   10.5715           0.0000     32.8966   -17.5058   1.6556    1.5830    0.0000    0.5000
  4463.10    6.8294   10.0855           0.0000     32.5732   -17.3406   1.3716    1.5830    0.0000    0.5000
  4463.10    6.8015   10.2157           0.0000     32.8551   -17.3197   0.8900    1.5830    0.0000    0.5000
  4463.20    6.9176   10.5055           0.0000     32.7500   -17.3000   0.3348    1.5830    0.0000    0.5000
  4463.30    6.6508   10.6330           0.0000     33.2844   -17.4837   3.4112    1.5830    0.0000    0.5000
  4463.50    6.7540   10.1546           0.0000     33.0452   -17.3225   3.5758    1.5830    0.0000    0.5000
  4463.80    6.4300   10.6691           0.0000     33.1360   -17.4919   3.3381    1.5830    0.0000    0.5000
  4464.80    6.2633   10.2312           0.0000     32.9271   -17.4659   3.7505    1.5830    0.0000    0.5000
  4465.20    6.2078   10.3775           0.0000     33.2909   -17.4904   4.0461    1.5830    0.0000    0.5000
  4465.50    6.4155   10.1475           0.0000     33.2743   -17.4366   4.4777    1.5830    0.0000    0.5000

  4462.39    6.8205   10.3834           0.0000     32.9527   -17.3477   2.0218    1.5830    0.0000    0.5000
