  5151.70    7.6153    9.8493           0.0000     24.8648   -19.1500   0.1261    3.9069    0.0000    0.5000
  5153.50    7.5634    9.8080           0.0000     24.8755   -18.9190   0.2954    3.9069    0.0000    0.5000
  5153.50    7.5670    9.8065           0.0000     24.8036   -18.9740   0.3122    3.9069    0.0000    0.5000
  5153.50    7.5542    9.8073           0.0000     24.8818   -18.9050   0.3314    3.9069    0.0000    0.5000
  5153.60    7.6087    9.6660           0.0000     24.7696   -19.0024   0.5285    3.9069    0.0000    0.5000
  5153.60    7.5916    9.6100           0.0000     24.7678   -18.9801   0.4284    3.9069    0.0000    0.5000
  5153.60    7.4918    9.7967           0.0000     24.7327   -18.8990   0.3759    3.9069    0.0000    0.5000
  5153.60    7.4689    9.8007           0.0000     24.8419   -18.9866   0.2428    3.9069    0.0000    0.5000
  5153.60    7.5838    9.7679           0.0000     24.9189   -18.9105   0.3159    3.9069    0.0000    0.5000
  5153.60    7.5618    9.8523           0.0000     24.8229   -19.0036   0.3380    3.9069    0.0000    0.5000
  5153.70    7.4594    9.8444           0.0000     24.7033   -18.9386   0.5771    3.9069    0.0000    0.5000
  5153.70    7.5645    9.8020           0.0000     24.8108   -18.9406   0.6511    3.9069    0.0000    0.5000
  5153.80    7.6704    9.5847           0.0000     24.8625   -18.9842   0.5988    3.9069    0.0000    0.5000
  5153.80    7.5356    9.6640           0.0000     24.7593   -19.0629   0.8969    3.9069    0.0000    0.5000
  5154.20    7.5401    9.9219           0.0000     25.1780   -18.9082   0.8132    3.9069    0.0000    0.5000
  5154.30    7.5920    9.9406           0.0000     24.9803   -18.8932   1.1697    3.9069    0.0000    0.5000
  5154.50    7.6511    9.7457           0.0000     24.8022   -18.8699   1.3141    3.9069    0.0000    0.5000
  5154.90    7.6711    9.6507           0.0000     25.1507   -18.8389   1.5436    3.9069    0.0000    0.5000
  5155.00    7.5796    9.7222           0.0000     24.9530   -18.8681   1.7505    3.9069    0.0000    0.5000
  5155.40    7.6729    9.6988           0.0000     24.8219   -19.2973   1.7675    3.9069    0.0000    0.5000
  5155.50    7.5054    9.8010           0.0000     24.6051   -18.8860   1.7985    3.9069    0.0000    0.5000
  5155.80    7.4222    9.5844           0.0000     24.8631   -19.0841   2.1327    3.9069    0.0000    0.5000
  5155.80    7.5138    9.6189           0.0000     24.9384   -19.1101   2.1656    3.9069    0.0000    0.5000
  5155.90    7.3405    9.8147           0.0000     24.5044   -18.7255   1.8292    3.9069    0.0000    0.5000
  5156.20    7.4702    9.5138           0.0000     25.0699   -18.9430   2.3232    3.9069    0.0000    0.5000
  5157.20    7.4135    9.7867           0.0000     25.1960   -18.7181   2.6942    3.9069    0.0000    0.5000
  5157.40    7.8956   10.0415           0.0000     25.1052   -18.7283   2.3128    3.9069    0.0000    0.5000
  5158.40    7.4375    9.7384           0.0000     25.1538   -19.0952   3.2178    3.9069    0.0000    0.5000
  5158.80    7.4437    9.3414           0.0000     24.6068   -19.2691   2.8794    3.9069    0.0000    0.5000
  5158.90    7.5581    9.7936           0.0000     25.3835   -18.9197   3.3279    3.9069    0.0000    0.5000

  5153.85    7.5772    9.7670           0.0000     24.8651   -18.9666   0.7189    3.9069    0.0000    0.5000
