  5529.90    9.3208   14.2523           0.0000     64.2238   -64.1493   0.0097    4.0136    0.0000    0.5000
  5530.50    9.3264   13.9221           0.0000     64.9270   -64.9742   0.0104    4.0136    0.0000    0.5000
  5531.70    9.3541   14.0004           0.0000     64.9080   -64.9352   0.0472    4.0136    0.0000    0.5000
  5531.70    9.3522   14.0025           0.0000     64.9514   -64.9166   0.0451    4.0136    0.0000    0.5000
  5531.70    9.3527   13.9982           0.0000     64.9766   -64.5712   0.0488    4.0136    0.0000    0.5000
  5531.70    9.3549   13.9999           0.0000     64.9877   -64.8430   0.0448    4.0136    0.0000    0.5000
  5531.80    9.2148   13.9815           0.0000     64.9611   -64.9034   0.0578    4.0136    0.0000    0.5000
  5532.00    9.3551   14.0096           0.0000     64.9602   -64.9035   0.1445    4.0136    0.0000    0.5000
  5532.00    9.3304   13.9982           0.0000     64.9488   -64.9959   0.2140    4.0136    0.0000    0.5000
  5532.00    9.3321   14.0327           0.0000     64.9992   -64.8127   0.2355    4.0136    0.0000    0.5000
  5532.00    9.3308   13.9980           0.0000     64.9004   -64.9645   0.2210    4.0136    0.0000    0.5000
  5532.00    9.3252   14.0354           0.0000     64.9208   -64.9362   0.2374    4.0136    0.0000    0.5000
  5532.00    9.3331   13.9943           0.0000     64.9183   -64.8060   0.2354    4.0136    0.0000    0.5000
  5532.00    9.3256   13.9883           0.0000     64.9918   -64.9207   0.2301    4.0136    0.0000    0.5000
  5532.00    9.3305   13.9588           0.0000     64.9379   -64.8404   0.2143    4.0136    0.0000    0.5000
  5532.00    9.3417   14.0169           0.0000     64.9106   -64.9859   0.1682    4.0136    0.0000    0.5000
  5532.00    9.3249   13.9951           0.0000     64.9417   -64.9375   0.2292    4.0136    0.0000    0.5000
  5532.00    9.3326   14.0368           0.0000     64.9025   -64.9894   0.2385    4.0136    0.0000    0.5000
  5532.00    9.3243   13.9848           0.0000     64.9026   -64.9295   0.2375    4.0136    0.0000    0.5000
  5532.00    9.3102   13.9537           0.0000     64.9333   -64.8397   0.1888    4.0136    0.0000    0.5000
  5532.00    9.3265   13.9845           0.0000     64.9298   -64.9276   0.2247    4.0136    0.0000    0.5000
  5532.10    9.3400   14.0032           0.0000     64.9403   -64.8050   0.4116    4.0136    0.0000    0.5000
  5532.10    9.3153   13.9812           0.0000     64.9030   -64.7032   0.3504    4.0136    0.0000    0.5000
  5532.10    9.3207   13.9814           0.0000     64.9799   -64.6207   0.2494    4.0136    0.0000    0.5000
  5532.10    9.3888   14.0131           0.0000     64.9968   -63.9128   0.1518    4.0136    0.0000    0.5000
  5532.10    9.3352   13.9727           0.0000     64.9118   -64.8004   0.3440    4.0136    0.0000    0.5000
  5532.20    9.3188   13.9633           0.0000     64.9111   -64.7056   0.5655    4.0136    0.0000    0.5000
  5532.40    9.4116   13.9468           0.0000     64.9090   -63.7595   0.6564    4.0136    0.0000    0.5000
  5532.50    9.3715   14.0402           0.0000     64.9208   -63.1146   0.6875    4.0136    0.0000    0.5000
  5535.10    9.3009   14.0632           0.0000     63.9122   -60.4046   1.3234    4.0136    0.0000    0.5000

  5531.75    9.3286   14.0080           0.0000     64.9052   -64.8577   0.1529    4.0136    0.0000    0.5000
