  4394.00    5.9240    7.9428           0.0027     19.3464   -12.8681   0.0101    2.6041    0.4720    0.4115
  4394.40    5.7929    7.9487           0.0079     19.1198   -12.8395   0.0183    2.6041    0.4877    0.4050
  4395.30    5.7335    8.2954           0.0019     19.7781   -12.6219   0.0105    2.6041    0.2906    0.4025
  4396.00    5.7763    7.9040           0.0103     19.4871   -12.8750   0.1134    2.6041    0.3561    0.4146
  4396.10    5.7599    7.9735           0.0106     19.7066   -12.9143   0.7261    2.6041    0.0017    0.4157
  4396.80    5.7900    7.8094           0.0116     18.9883   -12.8217   1.1278    2.6041    0.5869    0.4047
  4396.90    5.8897    8.0206           0.0101     19.2607   -12.6323   0.9793    2.6041    0.5670    0.4172
  4396.90    5.5996    7.9347           0.0088     19.7489   -12.8017   1.1409    2.6041    0.0008    0.4032
  4397.10    5.7617    7.9540           0.0078     19.2433   -12.8287   1.4646    2.6041    0.5430    0.4191
  4397.30    5.9290    7.9284           0.0115     18.6200   -12.6652   0.0739    2.6041    0.7040    0.3950
  4397.70    6.3004    8.7729           0.0030     19.4150   -12.6687   0.0328    2.6041    0.5656    0.4398
  4397.90    6.0093    8.1343           0.0032     19.7606   -13.0266   0.5452    2.6041    0.2829    0.4226
  4398.00    5.5573    7.8718           0.0121     19.5590   -12.8337   2.2028    2.6041    0.3737    0.4139
  4398.00    5.8378    7.8075           0.0085     18.7092   -12.5747   1.4251    2.6041    0.6796    0.4065
  4398.10    5.9891    7.9700           0.0102     18.7281   -12.6529   0.9456    2.6041    0.7197    0.4038
  4398.30    5.9725    8.0894           0.0018     19.0927   -12.9441   0.0498    2.6041    0.5816    0.4058
  4398.30    5.5612    7.9113           0.0098     19.5953   -13.0449   2.1811    2.6041    0.2881    0.4090
  4398.50    5.9513    8.3104           0.0014     19.3216   -12.8315   0.0651    2.6041    0.5596    0.4168
  4398.60    6.2104    8.2392           0.0001     19.1667   -12.7623   0.0119    2.6041    0.6385    0.3861
  4399.30    5.9512    7.9263           0.0170     18.7894   -12.5494   1.1195    2.6041    0.6830    0.4008
  4400.10    5.5176    7.9326           0.0153     19.6745   -12.9732   3.0868    2.6041    0.5590    0.4157
  4400.20    5.4700    7.8584           0.0136     19.2857   -12.8411   3.2385    2.6041    0.6502    0.4035
  4400.50    5.9904    8.2346           0.0064     18.9249   -12.8147   2.2281    2.6041    0.7351    0.4162
  4400.50    5.9758    8.1852           0.0006     19.1339   -12.7241   0.7982    2.6041    0.6109    0.4150
  4400.80    5.0632    7.8524           0.0118     19.9600   -12.9411   4.2153    2.6041    0.5198    0.4048
  4401.00    5.8637    8.2402           0.0005     19.7895   -12.9984   0.8552    2.6041    0.2171    0.4206
  4401.70    5.4366    7.9251           0.0119     19.2068   -12.8171   3.6453    2.6041    0.7178    0.4093
  4402.40    6.0046    8.2148           0.0007     18.9734   -12.7835   1.9208    2.6041    0.6756    0.4016
  4406.00    6.4432    8.5489           0.0002     17.2900   -11.9390   0.0102    2.6041    0.9991    0.4230
  4414.70    6.9736    8.9222           0.0000     17.9119   -12.1545   0.0378    2.6041    0.9797    0.4350

  4397.18    5.8649    8.0372           0.0075     19.2718   -12.7879   0.7122    2.6041    0.4691    0.4097
