  4775.60    2.6541    4.6584           0.0323     19.2089    -9.8012   5.5914    2.0902    1.0000    0.7602
  4775.70    2.7899    4.6690           0.0314     19.0319    -9.8409   5.4286    2.0902    1.0000    0.7402
  4775.90    2.6630    4.5860           0.0361     19.0110    -9.8577   5.4566    2.0902    0.9999    0.7433
  4776.10    2.8321    4.8429           0.0324     19.0623    -9.8264   5.3976    2.0902    1.0000    0.7395
  4776.30    2.5917    4.9109           0.0350     19.3386    -9.8458   5.5112    2.0902    0.9996    0.7494
  4776.60    2.8888    4.7039           0.0309     19.2123    -9.9140   5.4908    2.0902    1.0000    0.7235
  4776.70    3.0615    4.9863           0.0279     19.0084    -9.7408   5.1863    2.0902    0.9999    0.7303
  4778.00    3.1978    4.9527           0.0277     19.2788   -10.0662   5.3126    2.0902    0.9988    0.7250
  4778.40    2.0055    4.0753           0.0463     18.8990    -9.8779   5.7474    2.0902    0.9975    0.7868
  4780.30    1.8733    4.4109           0.0518     19.1053    -9.8661   5.7808    2.0902    0.9980    0.7602
  4782.50    2.1435    3.6230           0.0496     19.0116    -9.9647   5.9901    2.0902    0.9949    0.8088
  4782.50    3.3639    5.5996           0.0102     19.4871    -9.7832   5.3158    2.0902    0.9979    0.7182
  4784.40    3.3712    5.4300           0.0064     19.2632    -9.8195   5.1406    2.0902    0.9996    0.7271
  4784.60    1.8437    4.0421           0.0495     18.4712   -10.0797   5.7944    2.0902    0.9967    0.7712
  4785.50    3.2111    5.5851           0.0127     19.2313    -9.8994   5.0937    2.0902    0.9973    0.6711
  4786.50    3.3165    5.3115           0.0085     18.7781    -9.9392   4.9518    2.0902    0.9976    0.6876
  4786.70    1.3031    3.8532           0.0565     19.0932   -10.0518   6.0722    2.0902    0.9980    0.7557
  4788.20    1.7649    3.4055           0.0522     19.5193   -10.2430   6.1754    2.0902    0.9976    0.8515
  4789.90    1.0057    4.2242           0.0545     19.2920   -10.0566   6.0089    2.0902    0.9979    0.7921
  4793.70    3.8013    5.9652           0.0016     19.1620    -9.6719   4.6003    2.0902    0.9966    0.6866
  4796.50    4.0413    5.9598           0.0005     19.2016    -9.6655   4.5833    2.0902    1.0000    0.6818
  4796.60    4.1051    5.9101           0.0006     19.0482    -9.6813   4.1784    2.0902    0.9998    0.6892
  4799.80    3.7752    5.6351           0.0006     18.7722    -9.6570   4.2470    2.0902    0.9988    0.7168
  4801.50    3.5765    5.9798           0.0001     19.4003    -9.8393   5.1086    2.0902    1.0000    0.6743
  4808.80    4.8712    6.0648           0.0040     18.2145    -9.5971   2.2820    2.0902    0.9997    0.6486
  4812.90    5.0220    6.2854           0.0021     18.3320    -9.3867   1.7046    2.0902    0.9999    0.6697
  4816.10    5.1446    6.3012           0.0000     18.2017    -9.5181   1.7614    2.0902    1.0000    0.6646
  4901.50    2.7513    5.1311           0.0145     23.4555   -10.3892   5.8009    2.0902    0.3308    0.7827
  4907.80    2.5302    5.0588           0.0291     23.7960   -10.7540   6.0804    2.0902    0.0149    0.7832
  4918.00    3.3709    6.0017           0.0065     23.8704   -10.5524   5.5789    2.0902    0.0375    0.7251

  4781.70    2.5841    4.6918           0.0327     19.1233    -9.9073   5.5023    2.0902    0.9984    0.7464
