  5042.60    8.3668    8.6503           0.0054     32.8823   -21.7924   0.0152    1.8928    0.8473    0.4114
  5043.00    8.6200    8.5809           0.0002     33.2104   -21.8076   0.0101    1.8928    0.8979    0.4195
  5043.10    8.8860    9.0726           0.0021     32.7582   -20.9509   0.0143    1.8928    0.9832    0.4471
  5043.50    8.3637    8.6963           0.0065     33.7773   -21.5350   0.0136    1.8928    0.8096    0.4266
  5044.10    8.9418    9.0260           0.0007     33.5736   -20.9497   0.0151    1.8928    0.8622    0.4479
  5044.20    8.6663    8.8759           0.0004     34.0067   -21.1766   0.0116    1.8928    0.8610    0.4368
  5044.60    8.5492    8.7380           0.0061     32.8252   -21.3670   1.8664    1.8928    0.9414    0.4298
  5044.70    8.4930    8.7685           0.0091     33.0172   -21.4507   1.5657    1.8928    0.9200    0.4295
  5044.70    8.5898    8.8115           0.0066     32.7814   -21.4469   0.5738    1.8928    0.9351    0.4298
  5044.70    8.5207    8.7470           0.0081     32.9292   -21.4254   2.0517    1.8928    0.9257    0.4294
  5044.70    8.5576    8.7891           0.0049     32.9842   -21.6465   1.6711    1.8928    0.9209    0.4270
  5044.80    8.6939    8.8327           0.0052     32.6464   -21.3589   0.2437    1.8928    0.9421    0.4290
  5045.00    8.8477    9.0563           0.0038     32.9712   -20.2404   0.0163    1.8928    0.9972    0.4499
  5045.20    8.6253    8.9419           0.0028     33.2012   -21.4117   0.8721    1.8928    0.9037    0.4302
  5045.30    8.6544    8.6269           0.0094     32.9274   -21.4629   2.6151    1.8928    0.9237    0.4287
  5045.40    8.6930    8.8361           0.0007     32.9537   -21.4533   0.8564    1.8928    0.9256    0.4309
  5045.70    8.6166    8.8737           0.0074     32.4710   -21.0696   2.0427    1.8928    0.9985    0.4324
  5045.70    8.6400    8.7649           0.0009     32.8533   -21.6834   0.6108    1.8928    0.9021    0.4251
  5045.80    8.7593    8.8670           0.0000     32.8327   -21.4259   0.7258    1.8928    0.9306    0.4262
  5046.40    8.5838    8.8256           0.0054     33.6909   -21.2992   1.7186    1.8928    0.8265    0.4380
  5047.30    8.7718    8.8647           0.0001     33.6120   -21.1216   0.1205    1.8928    0.8513    0.4406
  5047.40    8.7832    8.8705           0.0000     33.6122   -21.7827   0.0279    1.8928    0.8133    0.4276
  5053.70    7.9532    7.9877           0.0088     33.3505   -23.2910   0.0108    1.8928    0.7723    0.3908
  5054.10    8.3618    8.6866           0.0020     33.9712   -22.7151   0.0112    1.8928    0.6944    0.3905
  5065.70    8.4709    8.7625           0.0000     35.0759   -22.4419   0.0176    1.8928    0.3594    0.4247
  5066.70    8.4352    8.6751           0.0044     35.3039   -21.9935   0.5955    1.8928    0.3093    0.4361
  5069.40    8.5904    8.7048           0.0001     35.5434   -22.0415   1.2743    1.8928    0.2327    0.4386
  5070.20    8.5600    8.6851           0.0001     35.6543   -21.9195   2.2332    1.8928    0.2047    0.4404
  5070.40    8.5667    8.7159           0.0005     35.5209   -21.9874   1.0107    1.8928    0.1271    0.4392
  5071.00    8.5310    8.7762           0.0001     35.6551   -22.0195   0.8079    1.8928    0.0884    0.4427

  5044.66    8.6334    8.8191           0.0043     33.0647   -21.3477   0.8755    1.8928    0.9127    0.4313
