  4890.10    7.2520    7.3639           0.0540     12.9948   -11.9279   0.0113    2.7094    0.9987    0.5741
  4891.20    7.9152    7.9930           0.0216     13.5819   -12.1257   0.0217    2.7094    1.0000    0.5260
  4892.10    7.8248    7.9449           0.0186     13.3773   -11.8039   0.0105    2.7094    0.9985    0.5506
  4892.70    7.3228    7.4710           0.0395     13.0217   -12.1461   0.5430    2.7094    1.0000    0.5286
  4892.80    7.6689    7.6189           0.0319     13.2612   -12.1339   0.6397    2.7094    0.9994    0.5317
  4892.80    7.5016    7.4680           0.0381     13.0190   -12.1098   0.4023    2.7094    0.9994    0.5291
  4893.00    7.6359    7.6207           0.0319     13.2702   -12.0667   0.4117    2.7094    0.9996    0.5328
  4893.30    7.0310    6.7844           0.0402     13.5041   -12.7433   3.7277    2.7094    0.9988    0.5158
  4894.40    6.1641    6.7411           0.0718     13.5090   -12.6094   4.8506    2.7094    0.9964    0.4959
  4895.20    7.7633    7.6784           0.0215     13.4483   -11.9370   1.2844    2.7094    0.9997    0.5479
  4904.90    7.7348    7.8564           0.0040     13.2432   -12.0771   0.0140    2.7094    0.9971    0.5248
  4912.10    6.6930    7.1101           0.0110     13.7122   -12.3247   4.7098    2.7094    0.9815    0.5873
  4913.20    8.3118    8.5625           0.0008     13.6505   -12.0538   0.0115    2.7094    0.9998    0.5340
  4913.40    7.6388    8.6252           0.0013     13.4018   -12.1366   0.0154    2.7094    0.9998    0.4978
  4916.80    7.8795    8.3859           0.0011     13.6796   -12.3366   0.4973    2.7094    0.9981    0.5194
  4923.30    8.7958    8.9336           0.0000     13.8543   -12.0131   0.0408    2.7094    0.9999    0.5303
  4931.90    6.8776   10.2559           0.0020     14.3994   -12.6950   0.0100    2.7094    0.2492    0.5297
  4975.20    7.7852    7.5267           0.0149     14.8191   -12.9838   0.0116    2.7094    0.3009    0.5206
  4975.30    7.0800    7.3312           0.0251     14.7934   -12.6146   0.0102    2.7094    0.2362    0.5607
  4980.50    6.4154    7.0400           0.0524     15.2253   -13.0467   4.4664    2.7094    0.0155    0.5494
  4981.10    5.4113    6.4158           0.0452     15.9624   -13.6112   6.7574    2.7094    0.1029    0.5947
  4987.10    7.1535    7.9123           0.0032     14.3917   -12.9738   0.0148    2.7094    0.4368    0.5280
  4988.60    6.7831    7.1044           0.0333     14.4406   -12.7279   0.4663    2.7094    0.0010    0.5673
  4990.70    7.6420    8.3610           0.0003     14.5661   -12.5215   0.0198    2.7094    0.5990    0.4863
  4990.80    7.1224    8.4707           0.0008     14.5093   -12.9684   0.0102    2.7094    0.5518    0.5000
  4991.50    6.8880    7.1929           0.0279     14.1903   -13.0943   1.8963    2.7094    0.0055    0.5171
  5003.40    7.7711    8.8526           0.0001     15.1049   -13.1613   0.0109    2.7094    0.2415    0.5198
  5003.50    8.1617    9.2893           0.0002     15.5398   -12.8821   0.0189    2.7094    0.1630    0.5390
  5006.40    7.3522    8.5478           0.0018     14.7216   -12.8336   0.0102    2.7094    0.1291    0.5269
  5013.30    8.0717    8.5280           0.0001     15.3188   -13.3236   0.0203    2.7094    0.0704    0.5193

  4913.71    7.4646    7.8156           0.0241     13.6883   -12.2943   1.0845    2.7094    0.8384    0.5343
