  5525.00    9.6592   15.1322           0.0000     59.9977   -37.4923   0.0100    4.0136    0.1627    0.6126
  5527.80    9.5017   15.0373           0.0000     58.1252   -39.9916   0.0100    4.0136    0.1335    0.5846
  5528.10    9.3117   15.0773           0.0001     59.9986   -39.9658   0.0101    4.0136    0.2228    0.5988
  5528.20    9.2999   15.0495           0.0000     57.7150   -39.9999   0.0100    4.0136    0.0291    0.5889
  5528.70    9.5019   14.9249           0.0002     58.5694   -39.9914   0.0104    4.0136    0.2941    0.5858
  5528.80    9.4966   15.0643           0.0000     57.9007   -39.9730   0.0100    4.0136    0.2381    0.5888
  5529.50    9.6487   15.3211           0.0001     59.7052   -39.8961   0.0100    4.0136    0.3298    0.5876
  5529.70    9.3133   14.5385           0.0027     59.8174   -39.3711   0.0109    4.0136    0.3365    0.5961
  5529.70    9.4997   15.1828           0.0001     58.6798   -39.9846   0.0114    4.0136    0.3469    0.5984
  5530.30    8.9805   14.5827           0.0000     59.3683   -39.9996   0.0101    4.0136    0.2043    0.6144
  5530.50    9.3116   14.9530           0.0051     59.8410   -39.9060   0.0104    4.0136    0.3807    0.5934
  5531.20    9.5013   14.7745           0.0035     54.4307   -39.9942   0.0119    4.0136    0.1868    0.5694
  5531.30    9.6508   14.9414           0.0009     58.8684   -39.9664   0.0103    4.0136    0.4525    0.5925
  5533.60    9.3102   14.1740           0.0011     56.9221   -39.9938   0.0105    4.0136    0.4168    0.5887
  5535.20    9.6500   15.5049           0.0001     56.6975   -39.9855   0.0103    4.0136    0.5791    0.5596
  5556.80    9.4588   14.8555           0.0001     59.9202   -39.9827   0.1594    4.0136    0.2921    0.5992
  5556.80    9.4979   14.8569           0.0004     59.9194   -39.9999   0.5888    4.0136    0.2907    0.5976
  5556.90    9.4539   14.8179           0.0002     59.9998   -39.9920   0.8407    4.0136    0.2860    0.6013
  5556.90    9.4713   14.7135           0.0000     59.9277   -40.0000   0.6779    4.0136    0.2908    0.6029
  5557.00    9.4960   14.7032           0.0000     59.9884   -39.9665   0.9730    4.0136    0.2877    0.5984
  5557.00    9.4694   14.7237           0.0005     59.9999   -39.9648   0.9022    4.0136    0.2863    0.6001
  5557.20    9.4226   14.7095           0.0007     59.9584   -39.9716   1.0820    4.0136    0.2880    0.5986
  5557.20    9.5046   14.7176           0.0006     59.9956   -39.9904   1.2219    4.0136    0.2863    0.5981
  5557.30    9.4263   14.7716           0.0002     59.9864   -39.9966   1.3439    4.0136    0.2865    0.5998
  5557.40    9.4830   14.8068           0.0000     59.9585   -39.9836   1.2676    4.0136    0.2921    0.5973
  5557.50    9.4963   14.7201           0.0001     59.9951   -39.8567   1.3080    4.0136    0.2877    0.5986
  5557.50    9.3946   14.8803           0.0014     59.9995   -39.9214   1.1888    4.0136    0.2826    0.6002
  5557.60    9.4661   14.8478           0.0000     59.9999   -39.9824   0.1259    4.0136    0.1928    0.5958
  5558.00    9.3795   14.7656           0.0036     59.9929   -39.9975   1.6325    4.0136    0.2862    0.5989
  5558.40    9.4898   14.9734           0.0011     59.5600   -39.9460   1.4839    4.0136    0.3093    0.5956

  5536.60    9.4508   14.9103           0.0007     58.8196   -39.8226   0.1698    4.0136    0.2880    0.5929
