  5106.10    7.3390   10.4932           0.0060     23.3450   -17.7799   0.0102    3.9069    0.9056    0.5318
  5118.10    7.0156    9.3065           0.0151     22.2289   -18.2116   1.0475    3.9069    0.9885    0.4970
  5118.30    6.7933    9.2065           0.0141     22.1390   -18.2971   1.7357    3.9069    0.9970    0.4939
  5118.50    7.2123    9.3372           0.0157     22.2646   -18.1579   0.3040    3.9069    0.9946    0.4823
  5118.60    6.9252    9.1970           0.0165     22.3480   -18.1667   1.3715    3.9069    0.9654    0.5067
  5118.70    6.6930    9.2736           0.0162     22.3157   -18.6040   0.0227    3.9069    0.9204    0.4901
  5118.80    6.8736    9.2721           0.0101     22.1977   -18.2073   1.9147    3.9069    0.9827    0.4968
  5118.80    7.0001    9.2261           0.0126     22.5667   -18.2470   0.0307    3.9069    0.9149    0.4932
  5118.80    6.8757    9.2977           0.0099     22.3495   -18.2579   1.8059    3.9069    0.9797    0.4973
  5118.90    7.0027    9.4524           0.0089     22.3220   -18.2439   1.4361    3.9069    0.9900    0.4962
  5119.50    6.7360    9.0014           0.0159     23.0066   -18.4373   0.0111    3.9069    0.7549    0.5076
  5120.30    6.9188    8.8744           0.0105     22.4605   -18.8119   1.7465    3.9069    0.9344    0.4988
  5120.40    6.9170    8.9889           0.0092     22.9531   -18.4236   0.0277    3.9069    0.8304    0.5002
  5120.80    6.3078    9.1561           0.0159     23.3801   -18.3059   4.3252    3.9069    0.9308    0.5055
  5120.80    6.7236    9.0859           0.0160     22.9470   -18.5400   1.7672    3.9069    0.8240    0.5004
  5121.60    6.6115    8.9374           0.0132     23.5606   -19.0961   0.0129    3.9069    0.6488    0.5023
  5122.30    6.6033    9.0155           0.0165     23.0702   -18.7409   0.2038    3.9069    0.7065    0.4971
  5124.00    6.9532    9.4519           0.0045     23.3138   -18.0262   3.1423    3.9069    0.9199    0.5187
  5124.10    6.7133    9.0529           0.0158     23.4450   -18.7836   0.7788    3.9069    0.6153    0.5014
  5124.10    6.7748    9.0237           0.0106     23.6290   -18.2279   0.0123    3.9069    0.5472    0.5202
  5124.20    6.5623    9.1966           0.0163     23.8610   -19.1350   0.0139    3.9069    0.4764    0.5082
  5125.50    6.6346    8.9478           0.0086     23.6464   -18.9181   0.0136    3.9069    0.4776    0.5102
  5128.30    6.4761    8.9581           0.0152     23.8583   -18.9460   0.0389    3.9069    0.2740    0.5031
  5128.40    6.3570    9.1184           0.0109     23.9579   -18.8434   0.0161    3.9069    0.2097    0.5088
  5129.20    6.5241    8.8862           0.0160     23.9756   -18.8101   1.0120    3.9069    0.2079    0.5120
  5129.80    6.5314    8.9556           0.0138     24.3680   -18.8468   1.5349    3.9069    0.0973    0.5179
  5129.90    6.5513    8.8775           0.0150     24.3566   -18.9433   1.1354    3.9069    0.0385    0.5024
  5130.60    6.5373    8.8531           0.0101     24.1510   -19.0963   1.2287    3.9069    0.0544    0.5122
  5137.00    7.0256    9.9235           0.0015     24.9720   -18.6245   0.0100    3.9069    0.1996    0.5360
  5145.00    7.1131    9.2362           0.0002     24.0583   -18.9983   0.0199    3.9069    0.3878    0.4848

  5119.58    6.8495    9.2325           0.0127     22.7921   -18.3783   1.0853    3.9069    0.8675    0.5019
