  5152.10    8.1784   10.5354           0.0000     25.6497   -19.2633   6.3035    3.9069    0.8821    0.4932
  5152.60    8.5834   10.5914           0.0000     24.2364   -19.1912   3.4359    3.9069    0.9505    0.4836
  5153.40    8.8977   11.0798           0.0000     24.4852   -19.0905   1.6388    3.9069    0.9470    0.4908
  5153.70    8.8483   11.2428           0.0000     24.1630   -19.0886   0.7658    3.9069    0.9802    0.4865
  5153.70    8.7470   11.0827           0.0000     24.3373   -19.3276   1.2976    3.9069    0.9451    0.4879
  5153.90    8.9411   11.0017           0.0000     24.4309   -19.2642   1.1359    3.9069    0.9359    0.4892
  5154.00    8.7972   11.1036           0.0000     24.3422   -19.2428   0.0210    3.9069    0.9455    0.4846
  5154.00    8.8004   11.0676           0.0000     24.1039   -19.1039   0.0101    3.9069    0.9788    0.4879
  5154.10    8.7286   10.8100           0.0000     24.0882   -19.2327   0.0101    3.9069    0.9638    0.4859
  5154.20    8.8988   11.0691           0.0000     24.5553   -19.2850   0.0158    3.9069    0.9174    0.4899
  5154.20    8.9762   11.1012           0.0000     24.4939   -19.1135   0.0142    3.9069    0.9281    0.4865
  5154.40    8.9319   11.0463           0.0000     24.6284   -19.2165   0.0132    3.9069    0.9024    0.4920
  5154.70    8.9337   11.1478           0.0000     24.7661   -19.3962   0.0318    3.9069    0.8847    0.4914
  5155.20    8.7759   11.1620           0.0000     24.8616   -19.5426   0.0175    3.9069    0.8618    0.4916
  5155.30    8.8772   11.2959           0.0000     24.9733   -19.3632   0.0103    3.9069    0.8567    0.4917
  5155.60    8.7092   10.8400           0.0000     24.6914   -19.3898   0.0152    3.9069    0.8466    0.4896
  5156.20    8.6682   10.9283           0.0000     24.7627   -19.6747   0.0155    3.9069    0.8257    0.4915
  5159.20    8.6321   10.9736           0.0000     25.0870   -19.6162   0.0102    3.9069    0.6838    0.4941
  5159.60    8.5554   10.8593           0.0000     25.4487   -19.8408   2.4353    3.9069    0.6135    0.4869
  5160.40    8.6638   10.9805           0.0000     25.3728   -19.5965   0.0104    3.9069    0.5948    0.4919
  5160.40    8.6869   11.0677           0.0000     25.4988   -19.6487   0.0804    3.9069    0.5999    0.4886
  5160.50    8.5230   10.8434           0.0000     25.5744   -19.6808   1.6491    3.9069    0.5630    0.4942
  5161.50    8.6737   11.0494           0.0000     25.5551   -19.8279   0.9910    3.9069    0.4884    0.4922
  5162.10    8.6872   11.1084           0.0000     25.8382   -19.8923   0.0169    3.9069    0.4393    0.4949
  5162.50    8.6521   10.9809           0.0000     25.7656   -19.8179   1.1965    3.9069    0.3714    0.4937
  5162.60    8.4255   10.9128           0.0000     26.0706   -19.8180   2.9952    3.9069    0.2464    0.5003
  5162.80    8.6104   10.9769           0.0000     25.7446   -19.9497   0.0190    3.9069    0.3449    0.4910
  5162.80    8.4600   10.9274           0.0000     26.1481   -19.8633   3.5205    3.9069    0.1103    0.4956
  5163.00    8.4559   10.9792           0.0000     26.0872   -19.7504   2.4689    3.9069    0.1805    0.4957
  5163.20    8.7671   10.9405           0.0000     25.8408   -19.7831   0.0103    3.9069    0.2879    0.4980

  5155.02    8.7572   10.9960           0.0000     24.6739   -19.3420   0.8604    3.9069    0.8722    0.4893
