  5601.60    7.4318   17.5885           0.0000     59.9895   -39.9999  10.4014    4.0136    0.2869    0.6232
  5601.70    7.3318   17.6716           0.0000     59.9907   -39.9658  10.4004    4.0136    0.2875    0.6242
  5601.70    7.3079   17.6087           0.0000     59.8744   -39.9739  10.3968    4.0136    0.2928    0.6233
  5601.70    7.4156   17.6195           0.0000     59.9992   -39.8772  10.5345    4.0136    0.2862    0.6238
  5601.80    7.5201   17.4676           0.0000     59.9492   -39.9329  10.3438    4.0136    0.2962    0.6265
  5601.80    7.4046   17.6470           0.0000     59.9577   -39.8097  10.4699    4.0136    0.2884    0.6289
  5601.90    7.1797   17.6137           0.0000     59.9904   -39.9223  10.3109    4.0136    0.2826    0.6245
  5601.90    7.2228   17.3305           0.0000     59.7728   -39.9809  10.3292    4.0136    0.2995    0.6257
  5602.00    7.4194   17.8364           0.0000     59.8966   -39.6720  10.4369    4.0136    0.2918    0.6309
  5603.30    7.4440   17.5673           0.0000     59.9972   -39.9888  10.3380    4.0136    0.0016    0.6233
  5603.40    7.3183   17.4630           0.0000     60.0000   -39.9781  10.3299    4.0136    0.1196    0.6238
  5603.50    7.3623   17.4191           0.0000     59.9981   -39.9974  10.4553    4.0136    0.0347    0.6270
  5603.60    7.3473   17.3454           0.0000     59.9937   -39.7315  10.3893    4.0136    0.0169    0.6268
  5604.00    7.4353   17.5578           0.0000     59.9560   -39.4190  10.3203    4.0136    0.0920    0.6260
  5604.00    7.3893   17.2704           0.0000     59.8610   -39.7948  10.7267    4.0136    0.0077    0.6218
  5622.60   10.4764   19.9131           0.0000     59.8837   -39.9488   1.3532    4.0136    0.2804    0.6160
  5622.70   10.5298   19.9034           0.0000     59.9353   -39.9909   0.6715    4.0136    0.2846    0.6122
  5622.90   10.5651   19.8525           0.0000     59.8976   -39.9930   0.1424    4.0136    0.2919    0.6116
  5623.00   10.5117   20.0120           0.0000     59.8881   -39.9611   0.0151    4.0136    0.2938    0.6165
  5623.00   10.5342   19.7521           0.0000     59.9705   -39.9872   0.0320    4.0136    0.2887    0.6170
  5623.10   10.6913   19.9561           0.0000     59.9005   -39.9986   0.0104    4.0136    0.2912    0.6125
  5623.10   10.5041   19.8524           0.0000     59.9233   -39.9478   0.1326    4.0136    0.2852    0.6165
  5623.10   10.5660   19.9108           0.0000     59.9734   -39.8711   0.3426    4.0136    0.2894    0.6174
  5623.10   10.5974   20.0166           0.0000     59.9567   -39.8776   0.1023    4.0136    0.2881    0.6131
  5623.30   10.4732   19.9658           0.0000     59.9958   -39.8428   0.0149    4.0136    0.2889    0.6167
  5623.30   10.9010   20.0401           0.0000     59.9996   -39.9438   0.0808    4.0136    0.2882    0.6199
  5623.40   10.3037   19.8540           0.0000     59.9947   -39.8067   2.0986    4.0136    0.0144    0.6130
  5623.60   10.7252   19.9777           0.0000     59.9989   -39.5924   0.0202    4.0136    0.2946    0.6180
  5624.60   10.3723   19.8112           0.0000     59.9762   -39.9628   0.0368    4.0136    0.1383    0.6182
  5624.90   10.4550   19.8052           0.0000     59.9740   -39.7960   0.0131    4.0136    0.0793    0.6171

  5607.61    8.1574   18.1220           0.0000     59.9401   -39.8963   7.9199    4.0136    0.2162    0.6226
