  4754.10    5.4652    7.0827           0.0000     19.4625   -10.2261   2.9526    2.0902    0.9999    0.6467
  4754.10    5.4948    7.1222           0.0000     19.4033   -10.2261   2.9682    2.0902    0.9999    0.6467
  4754.50    5.4091    7.1239           0.0000     19.6722   -10.2562   3.2128    2.0902    0.9991    0.6497
  4754.90    5.6549    7.1199           0.0000     19.2399   -10.0879   2.2502    2.0902    1.0000    0.6506
  4755.00    5.0506    6.7090           0.0000     19.6477   -10.2183   3.8843    2.0902    0.9995    0.6629
  4755.30    5.1813    6.7591           0.0000     19.7320   -10.2067   3.8281    2.0902    1.0000    0.6532
  4755.30    5.3995    7.0442           0.0000     19.5101   -10.1013   2.9621    2.0902    0.9996    0.6665
  4755.50    5.3042    7.0776           0.0000     19.3826   -10.2881   3.2513    2.0902    0.9967    0.6566
  4755.60    5.8222    7.2484           0.0000     19.2825   -10.1998   1.7758    2.0902    0.9985    0.6383
  4755.90    5.9510    7.1916           0.0000     19.1697   -10.2429   1.2631    2.0902    1.0000    0.6299
  4756.00    6.0740    7.4159           0.0000     19.2232   -10.2113   0.5938    2.0902    1.0000    0.6361
  4756.00    6.1004    7.3643           0.0000     19.2122   -10.2071   0.6912    2.0902    0.9998    0.6345
  4756.10    6.0722    7.4005           0.0000     19.2494   -10.1107   0.5160    2.0902    1.0000    0.6363
  4756.20    6.0423    7.4109           0.0000     19.2462   -10.1722   0.2031    2.0902    1.0000    0.6358
  4756.20    5.2655    7.1276           0.0000     19.5744   -10.1116   3.5272    2.0902    0.9965    0.6609
  4756.60    5.9140    7.3397           0.0000     19.0667   -10.0765   0.0123    2.0902    0.9998    0.6233
  4756.80    4.6539    6.8477           0.0000     19.8750   -10.2235   4.3884    2.0902    0.9993    0.6582
  4757.30    5.2571    7.0389           0.0000     19.9230   -10.1463   3.9475    2.0902    0.9989    0.6726
  4757.40    6.2821    7.3416           0.0000     19.2228   -10.1501   0.5361    2.0902    0.9996    0.6193
  4758.10    5.6319    7.0336           0.0000     18.6999   -10.0535   1.6298    2.0902    0.9983    0.6445
  4762.90    4.5256    6.8546           0.0000     20.4568   -10.1709   4.7899    2.0902    0.9994    0.6968
  4764.20    5.7294    7.4251           0.0000     19.8114   -10.2049   1.9755    2.0902    0.9721    0.6632
  4767.50    4.1029    6.7774           0.0000     20.2803   -10.4529   5.0756    2.0902    0.9810    0.6785
  4871.60    5.0962    7.2722           0.0000     23.6469   -10.9171   4.0214    2.0902    0.2786    0.6768
  4873.50    5.6118    7.4345           0.0000     23.1801   -10.9008   2.5154    2.0902    0.2896    0.6779
  4873.80    5.1285    7.2418           0.0000     23.7156   -10.9738   3.9069    2.0902    0.2205    0.6863
  4874.20    5.2000    7.2818           0.0000     23.6121   -10.8048   3.7359    2.0902    0.2181    0.6880
  4876.90    5.1275    7.3220           0.0000     23.8623   -10.9846   4.0523    2.0902    0.0875    0.6797
  4877.70    6.1886    7.7976           0.0000     23.4667   -10.8449   0.7616    2.0902    0.2498    0.6671
  4881.60    5.9800    8.0097           0.0000     23.8667   -10.9564   1.7662    2.0902    0.0361    0.6624

  4755.85    5.6013    7.1400           0.0000     19.3898   -10.1758   2.2197    2.0902    0.9993    0.6461
