  4422.40    6.1116    8.8944           0.0000     21.8093   -13.7066   6.2821    2.6041    0.3695    0.4146
  4422.40    6.2224    8.7347           0.0000     22.0972   -13.7571   6.2739    2.6041    0.1353    0.4030
  4422.40    6.3060    9.1047           0.0000     21.7431   -13.5672   5.8359    2.6041    0.1302    0.4167
  4422.50    6.0759    8.9336           0.0000     21.9337   -13.6594   6.6200    2.6041    0.4125    0.4165
  4422.60    6.3433    9.1698           0.0000     21.6200   -13.7155   5.4926    2.6041    0.1975    0.4100
  4422.70    6.2466    9.0989           0.0000     21.7773   -13.6408   6.2390    2.6041    0.4142    0.4049
  4423.00    6.1117    8.8667           0.0000     21.7854   -13.7022   6.7205    2.6041    0.5134    0.4115
  4423.10    6.1993    8.9583           0.0000     21.8091   -13.6698   6.7048    2.6041    0.5186    0.4179
  4423.10    5.8635    8.7078           0.0000     21.5683   -13.5599   6.1927    2.6041    0.3717    0.4059
  4423.40    6.2014    8.8852           0.0000     21.2971   -13.6319   5.4709    2.6041    0.4762    0.4097
  4423.40    6.0926    8.5305           0.0000     21.6184   -13.8065   6.4174    2.6041    0.4636    0.4106
  4426.50    6.7471    9.0233           0.0000     21.0521   -13.3890   3.1040    2.6041    0.1931    0.4034
  4427.00    7.0401    9.4272           0.0000     21.2143   -13.5951   2.5963    2.6041    0.0802    0.4167
  4427.40    6.9453    9.2713           0.0000     20.9794   -13.6141   2.3734    2.6041    0.1827    0.4115
  4429.00    7.0182    9.2501           0.0000     20.7335   -13.4337   0.0118    2.6041    0.0576    0.4101
  4429.20    7.1734    9.3507           0.0000     20.9561   -13.4723   0.1619    2.6041    0.0811    0.4059
  4429.20    5.8059    8.9821           0.0000     21.9593   -13.5831   8.5053    2.6041    0.7859    0.4270
  4429.60    7.1336    9.3760           0.0000     20.8289   -13.4397   0.0407    2.6041    0.2526    0.4128
  4429.70    7.1651    9.3405           0.0000     20.7600   -13.4850   0.0173    2.6041    0.2952    0.4099
  4429.90    7.0714    9.3910           0.0000     20.7671   -13.4816   0.0280    2.6041    0.3223    0.4146
  4429.90    7.1314    9.2652           0.0000     20.6647   -13.3936   0.4491    2.6041    0.3911    0.4082
  4430.00    7.1204    9.1581           0.0000     20.6849   -13.3722   0.0111    2.6041    0.3642    0.4103
  4430.10    7.1539    9.1763           0.0000     20.5841   -13.3962   0.1342    2.6041    0.4005    0.4044
  4430.20    7.1657    9.2590           0.0000     20.5732   -13.3867   0.0944    2.6041    0.4360    0.4024
  4430.40    7.1326    9.3665           0.0000     20.5249   -13.4908   0.8074    2.6041    0.4892    0.4055
  4430.40    7.0643    9.1858           0.0000     20.4435   -13.3143   0.4287    2.6041    0.4772    0.4036
  4430.40    7.4133    9.7336           0.0000     21.2407   -13.5719   0.0137    2.6041    0.1809    0.4154
  4430.90    7.1258    9.2821           0.0000     20.3469   -13.3446   0.6674    2.6041    0.5404    0.4086
  4431.30    7.2019    9.3352           0.0000     20.3732   -13.3455   0.0168    2.6041    0.5578    0.4095
  4431.60    7.1454    9.2074           0.0000     20.2723   -13.4015   1.1890    2.6041    0.6164    0.3982

  4425.42    6.4937    9.0648           0.0000     21.4155   -13.5955   4.2544    2.6041    0.3127    0.4117
