  4879.60    9.7084    9.8782           0.0000     15.0579   -13.3234   0.1014    2.7094    0.9998    0.4971
  4879.60    9.6751   10.0518           0.0000     15.0001   -13.3533   0.0281    2.7094    1.0000    0.4924
  4879.60    9.6773   10.0241           0.0000     15.0224   -13.3832   0.0414    2.7094    1.0000    0.4962
  4879.60    9.7081    9.9965           0.0000     15.0170   -13.3081   0.0583    2.7094    1.0000    0.4978
  4879.70    9.6990    9.9704           0.0000     15.0370   -13.3285   0.6331    2.7094    0.9999    0.5001
  4879.70    9.7563   10.1098           0.0000     15.0230   -13.3543   0.1772    2.7094    1.0000    0.4973
  4879.70    9.6886   10.0004           0.0000     15.0351   -13.3821   0.6282    2.7094    0.9999    0.4968
  4879.70    9.7726    9.9379           0.0000     15.0379   -13.3704   0.0114    2.7094    0.9998    0.4985
  4879.80    9.6433   10.0088           0.0000     15.0504   -13.3248   0.8333    2.7094    0.9999    0.5010
  4880.00    9.5849    9.8336           0.0000     14.9107   -13.2800   0.0126    2.7094    0.9994    0.5032
  4880.20    9.7398   10.1800           0.0000     15.2657   -13.2025   0.0798    2.7094    0.9999    0.4928
  4880.70    9.6009   10.0463           0.0000     15.0217   -13.3578   1.7766    2.7094    0.9998    0.4993
  4880.90   10.0211   10.0910           0.0000     15.3314   -13.1568   0.0461    2.7094    0.9999    0.5075
  4881.10    9.8259    9.5565           0.0000     14.9301   -13.2522   0.1776    2.7094    0.9999    0.4904
  4881.40    9.9116   10.0850           0.0000     15.2921   -13.1774   1.3220    2.7094    0.9972    0.5058
  4881.60    9.6003    9.8623           0.0000     15.0720   -13.2847   2.3005    2.7094    0.9991    0.4928
  4882.30    9.3657    9.7916           0.0000     15.0558   -13.4372   2.8014    2.7094    0.9998    0.4948
  4882.90    9.7261   10.3323           0.0000     15.0036   -13.0777   1.4212    2.7094    1.0000    0.5165
  4884.30    9.8183   11.0317           0.0000     15.6252   -13.3460   0.5547    2.7094    0.9993    0.4978
  4892.40    9.1329    9.9341           0.0000     15.4693   -13.7510   3.6537    2.7094    0.9660    0.4855
  4912.20    8.1699   11.0321           0.0000     16.5707   -14.2061   6.5095    2.7094    0.9836    0.5003
  4934.90    9.1377    9.1154           0.0000     15.7433   -13.6362   0.0744    2.7094    0.8435    0.5762
  4941.90    8.2029    9.0881           0.0000     16.0499   -13.9483   0.0590    2.7094    0.8000    0.4848
  4961.50    9.4802    9.9515           0.0000     16.4189   -13.9998   0.0101    2.7094    0.2463    0.4998
  4963.60    9.5430   10.0104           0.0000     16.4278   -14.0265   0.0327    2.7094    0.1028    0.5005
  4963.60    9.5205   10.0497           0.0000     16.3924   -14.0203   0.0716    2.7094    0.0955    0.5021
  4963.80    9.5483   10.0389           0.0000     16.4270   -14.0448   0.7763    2.7094    0.0934    0.5049
  4964.00    9.5189   10.0666           0.0000     16.4737   -14.0291   1.0545    2.7094    0.0881    0.5040
  4964.00    9.5836   10.0975           0.0000     16.4829   -14.0340   0.0105    2.7094    0.0134    0.5035
  4964.70    9.4424   10.0610           0.0000     16.5282   -14.0546   1.4542    2.7094    0.0097    0.5060

  4881.24    9.6828   10.0361           0.0000     15.1129   -13.3226   0.8329    2.7094    0.9980    0.4982
