  4443.40    6.3358    9.7805           0.0001     32.7268   -17.6909   3.6891    1.5830    0.0197    0.3995
  4443.50    6.3766    9.8445           0.0001     32.7785   -17.6257   3.5601    1.5830    0.0179    0.4015
  4443.60    6.1133    9.6493           0.0004     32.8876   -17.7372   4.5897    1.5830    0.0136    0.4003
  4443.60    6.2714    9.7007           0.0018     32.7100   -17.6732   3.8830    1.5830    0.0200    0.4136
  4445.50    6.0869    9.7879           0.0016     32.7492   -17.6639   4.0505    1.5830    0.1828    0.4001
  4445.50    6.1624    9.9785           0.0017     32.6680   -17.6609   4.0110    1.5830    0.1455    0.4107
  4445.60    5.9061    9.7158           0.0012     32.9096   -17.7454   4.8682    1.5830    0.1652    0.3946
  4445.80    6.0040    9.6678           0.0008     32.6293   -17.6717   4.5838    1.5830    0.2185    0.3951
  4446.00    5.7790    9.6688           0.0023     32.9420   -17.7220   5.3428    1.5830    0.2002    0.3862
  4446.20    6.4234   10.0401           0.0001     32.7247   -17.6933   2.9538    1.5830    0.1070    0.4018
  4446.20    6.1477    9.8409           0.0020     32.7599   -17.6897   4.4226    1.5830    0.2675    0.4012
  4446.20    6.2978    9.6697           0.0001     32.7177   -17.6538   4.1790    1.5830    0.1840    0.3995
  4446.30    6.0402    9.7716           0.0015     32.7102   -17.7003   4.3960    1.5830    0.2889    0.3890
  4446.70    6.3347   10.0750           0.0001     32.7050   -17.7089   3.5081    1.5830    0.2822    0.4079
  4446.80    6.1977    9.8064           0.0005     32.5697   -17.7037   4.3034    1.5830    0.3334    0.3944
  4446.80    6.6661    9.9656           0.0002     32.5432   -17.6733   2.2054    1.5830    0.1267    0.4194
  4446.80    6.5259   10.0326           0.0000     32.4641   -17.6878   2.7310    1.5830    0.2362    0.4143
  4447.50    6.4183    9.9137           0.0010     32.3964   -17.5350   3.4992    1.5830    0.3693    0.4198
  4447.70    6.2285    9.8678           0.0009     32.3298   -17.6484   3.8546    1.5830    0.4061    0.3941
  4447.90    5.8726    9.7720           0.0040     32.6781   -17.6542   4.8485    1.5830    0.3325    0.3998
  4448.10    6.4793   10.0606           0.0043     32.7032   -17.6076   3.1670    1.5830    0.2398    0.4238
  4448.20    5.6382    9.6305           0.0036     32.9001   -17.7265   5.8909    1.5830    0.3526    0.3906
  4448.20    5.9776   10.1298           0.0001     32.5857   -17.8041   4.4984    1.5830    0.3502    0.3965
  4448.60    5.0213    9.4301           0.0047     33.4942   -17.9511   7.4982    1.5830    0.2530    0.3795
  4448.90    6.2181    9.8852           0.0001     32.4894   -17.6358   4.4777    1.5830    0.4382    0.3964
  4449.10    4.9873    8.9577           0.0030     33.5438   -17.9949   8.1222    1.5830    0.2678    0.3666
  4449.20    6.6019    9.6609           0.0001     32.4647   -17.4201   1.9144    1.5830    0.2389    0.4118
  4450.60    5.1415    9.0884           0.0011     33.6834   -17.8308   8.2261    1.5830    0.3177    0.3872
  4451.00    5.3065    9.4880           0.0036     33.0092   -17.7749   6.9100    1.5830    0.4632    0.3860
  4451.80    5.0606    9.3629           0.0049     33.6197   -17.8213   8.2103    1.5830    0.3946    0.3837

  4445.88    6.2094    9.8275           0.0010     32.6800   -17.6770   3.9740    1.5830    0.1959    0.4021
