  5087.60    9.3848    9.7486           0.0000     34.3843   -22.2075   5.9302    1.8928    0.8665    0.4743
  5090.10    9.6861   10.2424           0.0000     34.9291   -21.9539   4.7141    1.8928    0.8023    0.4713
  5090.80    9.7429   10.5642           0.0000     34.6353   -21.8716   4.2639    1.8928    0.8279    0.4843
  5091.10    9.3909   10.5288           0.0000     35.1223   -22.1706   4.6152    1.8928    0.7893    0.4736
  5091.90   10.4694   10.4192           0.0000     34.7151   -21.9102   3.9896    1.8928    0.8527    0.4747
  5093.10   10.0966   10.7652           0.0000     35.0624   -21.8483   3.0480    1.8928    0.7986    0.4907
  5096.10   10.4674   10.8921           0.0000     35.3390   -21.9895   1.0792    1.8928    0.8013    0.4885
  5096.20   10.6535   10.8638           0.0000     34.9727   -22.0183   0.4211    1.8928    0.8213    0.4911
  5096.40   10.4665   11.1873           0.0000     35.0898   -21.7507   0.0269    1.8928    0.8042    0.4904
  5096.40   10.6462   10.7848           0.0000     34.6497   -22.2068   0.0140    1.8928    0.8603    0.4855
  5096.50   10.6369   11.0711           0.0000     35.0592   -22.0490   0.1076    1.8928    0.7860    0.4913
  5096.70   10.8315   10.7832           0.0000     34.5948   -22.4290   0.2358    1.8928    0.8542    0.4718
  5097.10   10.6989   11.1543           0.0000     35.6001   -21.9846   0.4584    1.8928    0.7520    0.4915
  5097.30   10.3221   11.0070           0.0000     35.2773   -22.0027   0.5375    1.8928    0.7409    0.4861
  5098.20    9.9475   10.7710           0.0000     35.0782   -21.8696   0.2125    1.8928    0.7751    0.4751
  5098.30   10.4734   10.6389           0.0000     35.9079   -22.1245   1.3714    1.8928    0.6913    0.4866
  5101.10   10.4031   10.8710           0.0000     35.7915   -22.0304   0.0342    1.8928    0.6259    0.4969
  5105.00   10.0802   10.7289           0.0000     36.1041   -22.3498   0.0331    1.8928    0.5378    0.4881
  5105.60   10.1477   10.7720           0.0000     35.8730   -22.4312   1.5246    1.8928    0.4806    0.4929
  5107.60   10.3317   10.5506           0.0000     36.5570   -22.7038   2.6930    1.8928    0.3052    0.4831
  5108.90    9.6620   10.4965           0.0000     36.1505   -22.5969   3.5922    1.8928    0.0057    0.4855
  5109.60   10.3021   10.7249           0.0000     36.4195   -22.6544   0.1488    1.8928    0.3405    0.4815
  5110.00   10.3738   11.0483           0.0000     36.4295   -22.4653   0.0170    1.8928    0.2942    0.4844
  5110.10   10.3845   10.8004           0.0000     36.6200   -22.4466   2.1373    1.8928    0.1118    0.4929
  5110.30   10.3387   10.5433           0.0000     36.5892   -22.5502   2.2870    1.8928    0.0246    0.4962
  5110.60   10.2262   10.6583           0.0000     36.5717   -22.6194   1.8540    1.8928    0.0777    0.4929
  5110.60   10.3748   10.7722           0.0000     36.4131   -22.5958   0.0101    1.8928    0.2581    0.4835
  5111.30   10.2085   10.8355           0.0000     36.2726   -22.5652   0.0193    1.8928    0.1933    0.4904
  5111.50   10.3903   10.6110           0.0000     36.4281   -22.5925   0.0118    1.8928    0.1785    0.4857
  5111.70   10.4208   10.8761           0.0000     36.5898   -22.5667   0.0317    1.8928    0.0722    0.4872

  5096.66   10.2439   10.7172           0.0000     35.2371   -22.0951   1.7655    1.8928    0.7387    0.4844
