 38885.10    6.0147    8.1232           0.0000     32.4566   -19.6477   5.3874    2.4021    1.0000    0.5383
 38885.10    6.0002    8.0670           0.0000     32.2562   -19.8256   5.4622    2.4021    1.0000    0.5329
 38885.40    6.0264    8.0970           0.0000     32.2444   -19.8462   5.4226    2.4021    0.9999    0.5280
 38885.80    6.1145    8.0580           0.0000     32.2676   -19.6175   5.3177    2.4021    0.9999    0.5359
 38886.20    5.9764    8.0543           0.0000     32.6667   -19.6163   5.3453    2.4021    1.0000    0.5404
 38886.30    6.0060    8.0972           0.0000     32.9219   -19.6656   5.5660    2.4021    1.0000    0.5405
 38886.60    6.0271    8.0988           0.0000     32.4737   -19.7233   5.4427    2.4021    0.9992    0.5365
 38886.60    6.0221    8.1030           0.0000     32.2482   -19.8538   5.5668    2.4021    0.9993    0.5280
 38887.20    5.9676    8.0514           0.0000     32.5544   -19.8707   5.5654    2.4021    0.9990    0.5365
 38887.40    5.9611    8.0471           0.0000     32.0366   -19.8889   5.5652    2.4021    0.9997    0.5231
 38887.70    6.0464    8.0273           0.0000     32.1181   -19.7153   5.3696    2.4021    0.9998    0.5311
 38888.00    5.9801    8.0782           0.0000     31.6216   -19.8616   5.4933    2.4021    1.0000    0.5224
 38891.60    6.1398    7.9558           0.0000     31.5401   -20.0368   5.1645    2.4021    1.0000    0.5208
 38892.60    5.9520    8.0009           0.0000     33.1766   -19.9119   5.5541    2.4021    0.9977    0.5296
 38894.60    6.0068    8.0087           0.0000     32.2557   -20.0476   5.4658    2.4021    0.9960    0.5223
 38900.50    6.0686    8.1954           0.0000     33.3687   -19.7424   5.8372    2.4021    0.9980    0.5285
 38902.20    5.9621    8.1163           0.0000     32.5141   -19.9454   5.2394    2.4021    0.9921    0.5358
 38911.60    5.9720    7.9816           0.0000     30.6684   -20.8631   5.2326    2.4021    0.9999    0.5014
 38922.20    6.0894    8.0998           0.0000     36.7148   -19.6061   5.2290    2.4021    1.0000    0.5734
 38924.20    6.1518    8.0389           0.0000     31.1928   -20.7778   4.7520    2.4021    0.9912    0.5012
 38960.20    6.0057    8.0224           0.0000     39.9403   -20.0608   5.0290    2.4021    0.9999    0.5844
 38986.70    5.8762    7.6955           0.0000     31.0213   -23.2640   4.6665    2.4021    0.9998    0.4935
 39066.10    6.7227    8.6123           0.0000     31.4379   -20.4041   0.1154    2.4021    1.0000    0.5095
 39067.70    5.4905    7.4616           0.0000     29.6507   -23.9608   5.5007    2.4021    0.9980    0.4321
 39107.20    6.5781    8.1854           0.0000     30.8919   -22.5098   0.1050    2.4021    0.9922    0.4859
 39114.20    6.7976    8.1733           0.0000     30.5866   -23.6358   0.6756    2.4021    0.9974    0.4595
 39186.60    6.0444    7.6158           0.0000     32.4109   -38.6029   3.2714    2.4021    1.0000    0.3549
 39203.30    6.4600    7.8839           0.0000     36.4633   -29.4696   0.2565    2.4021    0.9998    0.4580
 39244.80    6.3632    7.7670           0.0000     37.0516   -38.8517   0.0871    2.4021    1.0000    0.3964
 39672.50    5.9437    7.7815           0.0000     39.9984   -22.2431   4.2723    2.4021    0.0019    0.5497

 38893.84    6.0243    8.0650           0.0000     32.4649   -19.9032   5.3989    2.4021    0.9986    0.5303
