  4799.20    4.1181    6.2150           0.0000     19.2328    -9.6737   4.4051    2.0902    0.9999    0.6853
  4799.60    4.0615    6.0749           0.0000     19.1271    -9.6219   4.3845    2.0902    0.9990    0.6870
  4799.90    3.9468    6.1657           0.0000     19.3913    -9.7130   4.6086    2.0902    0.9989    0.6871
  4799.90    3.9782    5.9772           0.0000     19.2250    -9.6463   4.5955    2.0902    0.9997    0.7010
  4799.90    4.0426    6.0685           0.0000     19.0941    -9.7484   4.4877    2.0902    0.9999    0.6744
  4800.10    4.2135    6.1386           0.0000     19.2929    -9.7698   4.3653    2.0902    1.0000    0.6917
  4800.30    4.0741    6.2909           0.0000     19.5236    -9.6405   4.6131    2.0902    0.9992    0.6930
  4800.80    3.8110    6.2149           0.0000     19.6819    -9.8410   4.9826    2.0902    0.9986    0.6906
  4801.10    4.3744    6.2786           0.0000     19.0503    -9.5893   3.8765    2.0902    0.9993    0.6763
  4802.10    3.9997    6.0577           0.0000     18.8692    -9.5814   4.1430    2.0902    0.9954    0.6912
  4802.40    3.8468    6.1164           0.0000     19.0748    -9.5911   4.4260    2.0902    0.9985    0.7125
  4803.40    3.7336    6.0956           0.0000     19.8427    -9.7225   5.0163    2.0902    0.9996    0.7219
  4804.10    4.3177    6.0935           0.0000     18.7335    -9.6713   3.4769    2.0902    0.9984    0.6681
  4805.60    4.2022    6.2214           0.0000     19.2325    -9.7607   4.1374    2.0902    0.9819    0.6706
  4807.50    3.5903    6.3763           0.0000     19.4624    -9.8737   5.2108    2.0902    0.9947    0.7058
  4819.40    5.1012    6.4505           0.0000     18.1639    -9.4776   1.2790    2.0902    0.9981    0.6525
  4821.80    5.1941    6.4692           0.0000     18.1014    -9.3103   0.4226    2.0902    0.9999    0.6480
  4822.60    5.3092    6.4795           0.0000     18.1480    -9.3090   0.2009    2.0902    0.9964    0.6539
  4846.00    5.0586    6.3004           0.0000     18.3850    -9.4662   0.0533    2.0902    0.9293    0.6672
  4887.50    5.8770    6.4107           0.0000     21.1221    -9.0820   1.8811    2.0902    0.9665    0.6480
  4926.20    3.8881    6.2349           0.0000     23.4939   -10.5727   5.0756    2.0902    0.2686    0.7223
  4928.40    3.9010    6.1699           0.0000     23.2650   -10.3997   4.6873    2.0902    0.2401    0.7244
  4928.70    3.8493    6.2145           0.0000     23.6634   -10.4635   5.0984    2.0902    0.2021    0.7279
  4929.40    3.8774    6.2853           0.0000     23.7274   -10.5527   5.2442    2.0902    0.1862    0.7261
  4930.20    3.8835    6.1379           0.0000     23.6712   -10.6160   5.2867    2.0902    0.1612    0.7258
  4931.40    3.8649    6.1166           0.0000     23.3565   -10.4823   5.0116    2.0902    0.1087    0.7241
  4931.50    3.8210    6.2646           0.0000     23.6923   -10.4347   5.1531    2.0902    0.0969    0.7340
  4932.10    3.8580    6.3430           0.0000     23.6804   -10.6419   5.1930    2.0902    0.0743    0.7172
  4932.30    3.7349    6.1492           0.0000     23.3976   -10.5249   5.0653    2.0902    0.1436    0.7043
  4969.80    5.2472    6.7449           0.0000     22.4362    -9.8249   0.1650    2.0902    0.2066    0.7117

  4811.16    4.3425    6.2248           0.0000     19.1377    -9.6045   3.5283    2.0902    0.9927    0.6813
