  4405.00    6.3383    8.3682           0.0000     19.1043   -12.8123   0.3009    2.6041    0.6685    0.4182
  4405.10    6.1888    8.3093           0.0000     19.7045   -12.9485   0.1548    2.6041    0.3760    0.4126
  4405.10    6.3348    8.3941           0.0000     19.1028   -12.7387   0.4616    2.6041    0.6794    0.4195
  4405.20    6.2534    8.3272           0.0000     19.7060   -12.9490   0.2557    2.6041    0.3530    0.4194
  4405.30    6.2914    8.4557           0.0000     19.3800   -12.8805   1.0481    2.6041    0.5990    0.4218
  4405.30    6.2579    8.4165           0.0000     20.0382   -13.0166   0.5732    2.6041    0.0245    0.4208
  4405.30    6.2373    8.4451           0.0000     19.9178   -12.9130   0.4141    2.6041    0.2888    0.4247
  4405.70    6.2396    8.5393           0.0000     19.3629   -12.9236   1.0533    2.6041    0.5939    0.4119
  4405.80    6.2272    8.4324           0.0000     19.8719   -12.7492   0.5561    2.6041    0.3381    0.4278
  4405.80    6.3045    8.4121           0.0000     19.3309   -12.7048   1.3133    2.6041    0.6263    0.4216
  4406.30    6.1984    8.4819           0.0000     19.8809   -13.0086   1.3734    2.6041    0.3657    0.4249
  4406.50    6.1926    8.2395           0.0000     18.9843   -12.4682   0.4630    2.6041    0.6977    0.4272
  4407.30    6.5182    8.4644           0.0000     18.7981   -12.6523   1.0956    2.6041    0.7941    0.4148
  4408.80    6.2454    8.2471           0.0000     18.5940   -12.6296   1.0609    2.6041    0.8078    0.3906
  4409.10    6.1681    8.9109           0.0000     20.1548   -12.8024   1.5420    2.6041    0.2465    0.4143
  4411.30    6.6100    8.6215           0.0000     18.3495   -12.5160   1.4395    2.6041    0.8980    0.4143
  4411.30    5.9069    8.3718           0.0000     20.4142   -13.0295   3.1711    2.6041    0.0864    0.4263
  4411.70    6.7323    8.5676           0.0000     18.2420   -12.5594   1.1326    2.6041    0.9144    0.4104
  4412.40    6.8828    8.7890           0.0000     18.3934   -12.5030   0.3533    2.6041    0.9161    0.4306
  4412.80    6.6305    8.8534           0.0000     18.8506   -12.5744   1.6348    2.6041    0.8417    0.4497
  4412.80    6.5498    8.4830           0.0000     18.1592   -12.4983   1.7830    2.6041    0.9080    0.3947
  4414.10    6.6516    8.4934           0.0000     17.8801   -12.3707   1.1866    2.6041    0.9581    0.4081
  4417.20    6.8432    8.8707           0.0000     17.6149   -12.4149   0.6315    2.6041    0.9995    0.4105
  4417.20    6.7267    8.7254           0.0000     17.7205   -12.2549   1.4584    2.6041    0.9957    0.4161
  4420.00    6.2411    8.9965           0.0000     20.3633   -12.9177   4.9173    2.6041    0.7408    0.4426
  4422.60    6.2570    8.6573           0.0000     18.9764   -12.6645   4.6549    2.6041    0.9437    0.4190
  4422.80    6.6088    8.6257           0.0000     18.3785   -12.3088   3.6560    2.6041    0.9950    0.4222
  4427.60    6.2940    9.3982           0.0000     19.4452   -12.6103   5.0898    2.6041    0.9402    0.4451
  4438.20    6.0586    8.6670           0.0000     21.3745   -13.1746   8.0823    2.6041    0.7938    0.4653
  4439.80    6.3334    8.6988           0.0000     22.4597   -13.1005   7.2921    2.6041    0.0028    0.4881

  4407.56    6.3379    8.4823           0.0000     19.3091   -12.7690   0.9699    2.6041    0.5558    0.4201
