  4925.30    8.4529    8.8450           0.0000     13.8974   -12.2413   0.6421    2.7094    1.0000    0.5201
  4925.30    8.4765    8.8269           0.0000     13.8572   -12.2114   0.3775    2.7094    0.9996    0.5186
  4925.40    8.4307    8.8190           0.0000     13.8394   -12.2846   0.9632    2.7094    1.0000    0.5180
  4925.40    8.4926    8.8658           0.0000     13.8238   -12.3133   0.6150    2.7094    1.0000    0.5145
  4925.50    8.4150    8.7644           0.0000     13.9010   -12.2478   0.9577    2.7094    1.0000    0.5190
  4925.50    8.3631    8.8188           0.0000     13.8211   -12.1661   0.8320    2.7094    1.0000    0.5220
  4925.50    8.5728    9.0004           0.0000     14.0099   -12.2394   0.7947    2.7094    0.9999    0.5210
  4925.50    8.4997    8.9856           0.0000     14.0192   -12.1650   0.9062    2.7094    1.0000    0.5225
  4925.60    8.4532    8.9701           0.0000     14.0674   -12.3326   1.3301    2.7094    0.9998    0.5196
  4925.80    8.5946    8.7991           0.0000     13.9330   -12.1634   0.1972    2.7094    0.9983    0.5240
  4925.80    8.5604    8.9446           0.0000     14.0038   -12.4543   1.1420    2.7094    1.0000    0.5124
  4925.90    8.6245    8.8133           0.0000     13.9413   -12.1798   0.5188    2.7094    0.9976    0.5200
  4925.90    8.5993    8.8551           0.0000     13.8255   -12.4539   0.3827    2.7094    0.9996    0.5134
  4926.00    8.3802    8.7196           0.0000     13.8758   -12.3975   1.0583    2.7094    0.9988    0.5203
  4926.10    8.3590    8.8524           0.0000     14.0568   -12.2982   1.9976    2.7094    1.0000    0.5197
  4926.40    8.6263    8.8607           0.0000     13.8636   -12.4585   0.2336    2.7094    0.9995    0.5052
  4926.60    8.3857    9.0763           0.0000     14.0421   -12.0986   0.1795    2.7094    0.9985    0.5268
  4926.80    8.1390    8.6996           0.0000     13.8071   -12.2587   0.1512    2.7094    0.9998    0.5073
  4927.50    8.8440    8.9185           0.0000     14.1729   -12.2804   0.1477    2.7094    0.9955    0.5306
  4929.40    7.8359    8.9929           0.0000     14.2645   -12.4576   3.5915    2.7094    0.9979    0.5275
  4934.20    8.2031    8.3935           0.0000     13.6792   -12.4361   0.1550    2.7094    0.9827    0.4870
  4934.60    8.9796    9.4507           0.0000     13.7433   -12.5070   0.2759    2.7094    0.9916    0.5179
  4935.60    7.9840    8.4198           0.0000     13.3624   -11.8740   0.1826    2.7094    0.9826    0.5145
  4938.00    8.7286    8.6953           0.0000     13.8308   -13.3887   0.1679    2.7094    0.9993    0.4895
  4938.50    9.0824    9.0515           0.0000     14.0747   -12.2336   0.0723    2.7094    0.9982    0.5031
  4955.80    7.6371    7.7062           0.0000     13.6225   -12.3416   0.1221    2.7094    0.9346    0.5264
  4996.00    7.6648    8.4374           0.0000     14.0170   -13.3394   0.1122    2.7094    0.7156    0.4864
  5009.30    7.4825    8.2888           0.0000     14.2646   -13.3259   0.0987    2.7094    0.6166    0.4836
  5024.90    8.0795    8.6834           0.0000     15.0682   -13.0288   0.1080    2.7094    0.2072    0.5314
  5097.40    6.3494    7.2497           0.0000     12.4129   -18.5755   0.0689    2.7094    0.9898    0.3738

  4942.85    8.3099    8.7268           0.0000     13.9033   -12.6251   0.6127    2.7094    0.9468    0.5099
