  5523.80    9.8654   15.5042           0.0000     60.5667   -40.5717   0.0129    4.0136    0.9936    0.5584
  5528.60    9.7416   15.2097           0.0000     53.6398   -41.8760   0.1975    4.0136    0.9996    0.5529
  5528.70    9.6743   15.2560           0.0000     53.5017   -42.6885   0.2706    4.0136    0.9990    0.5502
  5528.70    9.7873   15.3192           0.0000     53.4104   -40.8681   0.2217    4.0136    0.9998    0.5613
  5528.70    9.7915   15.1899           0.0000     54.5109   -42.0889   0.0864    4.0136    0.9967    0.5539
  5528.80    9.7200   15.2479           0.0000     54.8398   -41.4769   0.3055    4.0136    0.9996    0.5564
  5529.10    9.6694   15.3853           0.0000     53.7744   -41.3638   0.5164    4.0136    0.9885    0.5607
  5529.10    9.7625   15.3216           0.0000     55.0014   -41.6701   0.8277    4.0136    0.9995    0.5558
  5529.10    9.8270   15.2425           0.0000     55.9083   -40.8405   0.1011    4.0136    0.9922    0.5618
  5529.10    9.8732   15.2892           0.0000     55.5526   -41.6596   0.4952    4.0136    0.9993    0.5497
  5529.20    9.7420   15.0621           0.0000     55.2159   -44.2560   0.0759    4.0136    0.9770    0.5431
  5529.30    9.6579   14.9040           0.0000     54.4850   -44.5544   0.1522    4.0136    0.9780    0.5385
  5529.30    9.7102   15.2197           0.0000     53.6129   -41.3703   1.2518    4.0136    0.9937    0.5598
  5529.30    9.6898   14.8476           0.0000     53.7927   -44.3414   0.6187    4.0136    0.9873    0.5376
  5529.80    9.6759   14.9481           0.0000     60.3235   -42.9809   0.1968    4.0136    0.9645    0.5521
  5529.80    9.7324   15.2249           0.0000     61.7264   -41.5423   0.9274    4.0136    0.9985    0.5523
  5529.80    9.7295   15.2456           0.0000     63.6991   -42.0692   0.1534    4.0136    0.9876    0.5449
  5529.90    9.6120   15.1613           0.0000     57.4419   -42.2291   1.2928    4.0136    0.9830    0.5526
  5529.90    9.6760   15.2522           0.0000     59.4918   -41.7399   0.9837    4.0136    0.9890    0.5601
  5529.90    9.6303   14.8621           0.0000     55.5736   -45.2273   0.0691    4.0136    0.9362    0.5440
  5529.90    9.7583   15.1656           0.0000     65.8182   -42.0527   0.0969    4.0136    0.9828    0.5498
  5530.00    9.6776   15.0169           0.0000     54.9727   -43.3755   1.0579    4.0136    0.9576    0.5509
  5530.10    9.6692   15.3523           0.0000     53.8875   -40.6332   1.9780    4.0136    0.9999    0.5607
  5530.50    9.6366   15.2027           0.0000     65.0336   -42.4425   0.8040    4.0136    0.9614    0.5542
  5530.60    9.6444   14.8584           0.0000     65.3475   -45.0569   0.0683    4.0136    0.9254    0.5439
  5530.60    9.7464   15.0062           0.0000     67.7456   -43.3920   0.5569    4.0136    0.9668    0.5372
  5530.80    9.6634   14.8565           0.0000     62.6720   -45.7020   0.5984    4.0136    0.9363    0.5354
  5531.10    9.5213   14.5718           0.0000     62.5354   -49.6721   0.0468    4.0136    0.8762    0.5278
  5531.20    9.6410   15.0783           0.0000     64.2228   -43.5549   0.3590    4.0136    0.9061    0.5574
  5531.40    9.5373   14.7803           0.0000     60.6569   -45.3749   1.0903    4.0136    0.9011    0.5491

  5528.99    9.7284   15.1847           0.0000     56.3034   -42.2707   0.4378    4.0136    0.9881    0.5523
