 37887.20    7.7239   10.3155           0.0000     25.0912   -15.1996   0.0100    5.0307    0.9999    0.4964
 37892.90    7.5900   10.3755           0.0000     26.1443   -15.6472   0.0101    4.9525    0.9822    0.5248
 37929.40    7.4368   10.4390           0.0000     27.3182   -14.9331   0.0101    4.9544    0.8937    0.5462
 37944.30    7.5080   10.3984           0.0000     27.2654   -14.8484   0.0101    5.1279    0.9452    0.5582
 37966.40    7.2523   10.2110           0.0000     27.1158   -15.0888   0.0100    5.2972    0.7217    0.5459
 38088.00    7.3436    9.7929           0.0000     25.4825   -15.2399   0.0128    4.9437    0.9997    0.5223
 38089.20    7.3396    9.8050           0.0000     25.5170   -14.7630   0.0131    4.9896    0.9981    0.5283
 38093.80    7.2356    9.7923           0.0000     25.5202   -15.1178   0.0118    4.9284    0.9989    0.5313
 38095.20    7.3698    9.9036           0.0000     25.4639   -15.2787   0.0126    4.9782    0.9889    0.5196
 38096.20    7.3587    9.7823           0.0000     25.4336   -15.0728   0.0131    5.0361    0.9965    0.5192
 38097.30    7.3715    9.8551           0.0000     25.5767   -15.1644   0.0223    4.9642    0.9993    0.5365
 38098.10    7.1931    9.8259           0.0000     24.9376   -14.9927   0.0106    5.0344    0.9984    0.5250
 38099.40    7.2878    9.9585           0.0000     25.5301   -15.0623   0.0602    4.9890    0.9999    0.5289
 38099.40    7.2949    9.6913           0.0000     25.4120   -15.0372   0.0184    4.9764    0.9978    0.5159
 38099.60    7.4046    9.9320           0.0000     25.6320   -15.1583   0.2900    4.9302    0.9999    0.5268
 38099.60    7.3385    9.8503           0.0000     25.6328   -15.1676   0.3743    4.9322    0.9999    0.5300
 38099.70    7.2966    9.9326           0.0000     25.6691   -15.0902   0.3343    4.9585    0.9998    0.5289
 38099.80    7.2663    9.9135           0.0000     25.5251   -15.1915   0.5325    4.9528    1.0000    0.5259
 38099.80    7.2575    9.8007           0.0000     25.2186   -15.1963   0.0209    5.0043    1.0000    0.5173
 38099.80    7.2494    9.9098           0.0000     25.4482   -15.1472   0.6077    4.9700    1.0000    0.5245
 38099.90    7.2503    9.9325           0.0000     25.6075   -15.0386   0.4291    4.9487    1.0000    0.5281
 38099.90    7.2756    9.9394           0.0000     25.6241   -15.1362   0.9444    4.9221    1.0000    0.5273
 38099.90    7.2728    9.9444           0.0000     25.6210   -15.1227   0.8383    4.9634    0.9998    0.5283
 38099.90    7.3351    9.9104           0.0000     25.6611   -15.1033   0.1928    4.9534    0.9999    0.5304
 38099.90    7.2859    9.9470           0.0000     25.5039   -15.1176   0.3793    4.9678    0.9997    0.5274
 38100.00    7.2753    9.9664           0.0000     25.7082   -15.1571   0.7999    4.9508    0.9997    0.5280
 38100.00    7.3033   10.0264           0.0000     25.4927   -15.1631   0.2262    4.9447    0.9997    0.5273
 38100.00    7.2577    9.9268           0.0000     25.6400   -15.1381   1.1237    4.9509    1.0000    0.5265
 38100.10    7.2551    9.9231           0.0000     25.6213   -15.1346   0.3001    4.9317    1.0000    0.5326
 38100.10    7.3574    9.9884           0.0000     25.6542   -15.1567   0.6387    4.9557    1.0000    0.5240
 38100.10    7.3154    9.9760           0.0000     25.4906   -15.2582   0.2784    4.9315    1.0000    0.5213
 38100.20    7.3537    9.8380           0.0000     25.6456   -15.1589   1.0543    4.9266    0.9999    0.5247
 38100.20    7.3053    9.9729           0.0000     25.6083   -15.1937   1.0861    4.9529    0.9999    0.5287
 38100.30    7.3344    9.9744           0.0000     25.4353   -15.2491   0.4746    4.9659    0.9996    0.5203
 38100.30    7.3216    9.9908           0.0000     25.6190   -15.1719   1.0506    4.9328    1.0000    0.5284
 38100.30    7.2084    9.8193           0.0000     25.4520   -15.1627   0.8156    4.9719    1.0000    0.5226
 38100.40    7.4126    9.9549           0.0000     25.7060   -15.0085   0.6548    4.9651    1.0000    0.5297
 38100.40    7.2439    9.9867           0.0000     25.4328   -15.1897   0.2151    4.9626    1.0000    0.5234
 38100.50    7.2943    9.9453           0.0000     25.8688   -15.3764   0.7970    4.8792    0.9998    0.5268
 38100.60    7.3477    9.7711           0.0000     25.6269   -15.0763   0.2616    4.8998    1.0000    0.5249
 38100.60    7.2490    9.8777           0.0000     25.6690   -15.0041   0.6287    4.9642    0.9996    0.5325
 38100.60    7.2639    9.9256           0.0000     25.6376   -15.1210   1.3358    4.9434    0.9995    0.5274
 38100.70    7.2795    9.8633           0.0000     25.6337   -15.2146   1.3477    4.9434    0.9997    0.5268
 38100.70    7.3545   10.0648           0.0000     25.7137   -15.1797   0.2411    4.9325    0.9981    0.5254
 38100.70    7.2228    9.8558           0.0000     25.6556   -15.1031   1.2852    4.9478    0.9993    0.5261
 38100.80    7.2612    9.9130           0.0000     25.6558   -15.0922   1.5146    4.9572    1.0000    0.5272
 38100.80    7.2892    9.9387           0.0000     25.5359   -15.0732   1.1208    4.9308    1.0000    0.5285
 38100.80    7.2512    9.9109           0.0000     25.4519   -15.0929   1.3175    4.9638    1.0000    0.5253
 38100.80    7.3992    9.9293           0.0000     25.6414   -15.1241   0.8593    4.9680    1.0000    0.5335
 38100.90    7.2085    9.9472           0.0000     25.6403   -15.0685   1.0678    4.9416    0.9999    0.5295
 38100.90    7.3240    9.8272           0.0000     25.7783   -15.1370   1.1975    4.9135    0.9997    0.5309
 38100.90    7.2597    9.9432           0.0000     25.7294   -15.0763   1.4294    4.9564    0.9997    0.5282
 38101.00    7.3013    9.9601           0.0000     25.6572   -14.9379   0.6476    4.9553    0.9992    0.5303
 38101.10    7.2582    9.8706           0.0000     25.5594   -15.3205   1.2532    4.8984    0.9999    0.5237
 38101.10    7.2057    9.8147           0.0000     25.2414   -14.9735   0.3353    4.9742    1.0000    0.5231
 38101.20    7.3485    9.7640           0.0000     25.6419   -15.0791   0.6588    4.8807    1.0000    0.5305
 38101.30    7.2425    9.8671           0.0000     25.6811   -15.3013   1.5556    4.9128    0.9989    0.5242
 38101.30    7.2809   10.0338           0.0000     25.6407   -15.1881   0.8230    4.9443    1.0000    0.5195
 38101.40    7.3011    9.9519           0.0000     25.7334   -15.2161   1.6464    4.9159    0.9997    0.5276
 38101.40    7.3385   10.0371           0.0000     26.0064   -15.1560   1.0433    4.9028    0.9999    0.5328
 38101.40    7.2987   10.0032           0.0000     25.8612   -15.1701   1.0711    4.9570    1.0000    0.5361
 38101.40    7.2539   10.0046           0.0000     25.7205   -15.1700   1.1032    4.9141    0.9997    0.5292
 38101.60    7.2726    9.9507           0.0000     25.8552   -15.0725   1.5595    4.9406    0.9999    0.5360
 38101.60    7.2698   10.0297           0.0000     25.8199   -15.4325   1.1859    4.8922    0.9999    0.5253
 38101.60    7.2992    9.9912           0.0000     25.6589   -15.2298   1.6758    4.9316    0.9992    0.5274
 38101.70    7.4346    9.8136           0.0000     25.7729   -15.1977   0.4304    4.9480    0.9992    0.5259
 38101.70    7.3621    9.8124           0.0000     25.8217   -15.2812   1.3690    4.9585    0.9999    0.5251
 38101.80    7.2074    9.9468           0.0000     25.4498   -15.1038   0.2904    4.9863    0.9970    0.5219
 38101.90    7.1645    9.9952           0.0000     25.8187   -15.1657   1.8774    4.9237    0.9999    0.5304
 38101.90    7.2700    9.9517           0.0000     26.0336   -15.0674   1.7141    4.9143    1.0000    0.5317
 38101.90    7.1454    9.9005           0.0000     25.4135   -15.2266   0.9164    4.9441    0.9998    0.5310
 38102.00    7.2059    9.8600           0.0000     25.8375   -15.3152   2.0722    4.9022    1.0000    0.5305
 38102.00    7.7528    9.9038           0.0000     25.8309   -15.6338   0.0146    4.8614    0.9961    0.5283
 38102.20    7.3764    9.8816           0.0000     25.9121   -15.1534   1.7403    4.9265    0.9993    0.5282
 38102.30    7.2460    9.8688           0.0000     25.7084   -15.0024   1.8487    4.9130    0.9999    0.5284
 38102.60    7.3364    9.9335           0.0000     25.7677   -15.2619   1.3452    4.8777    0.9991    0.5362
 38102.60    7.2654   10.1070           0.0000     25.8632   -15.1381   1.7889    4.9002    0.9998    0.5284
 38102.70    7.4470    9.7622           0.0000     25.2937   -15.0718   0.4846    4.9677    1.0000    0.5323
 38102.70    7.2232    9.9028           0.0000     25.8676   -15.1211   2.0709    4.9485    0.9989    0.5338
 38102.70    7.3797    9.7969           0.0000     25.2970   -15.0296   0.1188    4.9528    0.9994    0.5357
 38102.90    7.2879    9.8809           0.0000     25.6445   -14.9039   1.4050    5.0179    0.9995    0.5377
 38103.00    7.4991    9.8531           0.0000     25.4302   -15.3007   0.2484    4.8899    0.9994    0.5175
 38103.10    7.2651    9.9018           0.0000     25.5936   -15.1739   1.9277    4.9405    0.9975    0.5260
 38103.40    7.2973    9.6977           0.0000     25.7623   -15.4072   1.5281    4.9180    0.9984    0.5210
 38103.60    7.3479   10.0349           0.0000     25.6536   -14.9789   1.1702    5.0423    0.9957    0.5266
 38103.60    7.3120    9.9593           0.0000     25.7224   -15.0946   2.0332    4.9703    0.9984    0.5235
 38104.30    7.1595    9.7749           0.0000     25.8542   -15.0732   2.6191    4.9445    0.9995    0.5312
 38104.60    7.1073    9.9103           0.0000     25.7889   -15.1642   2.5220    4.9166    0.9984    0.5274
 38104.60    7.0387    9.6603           0.0000     25.7686   -15.2660   0.0128    4.9679    0.9758    0.5348
 38104.70    7.1679   10.0862           0.0000     25.4049   -15.4090   0.9979    4.9353    0.9973    0.5161
 38105.10    7.4807    9.7388           0.0000     25.4978   -15.5922   0.2030    4.8229    0.9984    0.5174
 38105.20    7.2009    9.8660           0.0000     25.9135   -15.1491   2.8050    4.9537    0.9999    0.5328
 38105.40    7.2188    9.8739           0.0000     25.2881   -15.2090   0.5806    4.9067    0.9961    0.5123
 38105.60    7.4367   10.0965           0.0000     25.7752   -14.7360   0.0340    5.1322    0.9969    0.5207
 38105.60    7.2799    9.7691           0.0000     25.4985   -15.6536   0.8498    4.8627    0.9943    0.5208
 38105.80    7.0291    9.7210           0.0000     25.5550   -15.1459   2.4654    4.9691    0.9996    0.5220
 38105.80    7.0983    9.9256           0.0000     26.2071   -15.2156   2.5569    4.9317    0.9983    0.5366
 38105.80    7.2555   10.1714           0.0000     25.5416   -15.2405   0.1183    4.9897    0.9917    0.5312
 38106.10    7.1966   10.1122           0.0000     26.2515   -15.1371   2.8148    4.8884    1.0000    0.5358
 38107.60    7.2367    9.8132           0.0000     25.8616   -15.3927   3.0631    4.9444    0.9993    0.5248
 38107.90    7.0673    9.8849           0.0000     26.2106   -15.2687   3.4793    4.8916    1.0000    0.5346
 38107.90    7.1797   10.0312           0.0000     26.1062   -15.2114   3.2363    4.9193    0.9994    0.5323
 38108.30    7.1789   10.0111           0.0000     25.9962   -15.3251   2.7845    4.9109    0.9925    0.5250
 38109.40    7.4270    9.6839           0.0000     25.7250   -15.7730   1.4473    4.7860    1.0000    0.5115
 38109.40    7.1512    9.8660           0.0000     25.9939   -15.3565   2.9834    4.9323    0.9934    0.5225
 38109.80    7.1283   10.0425           0.0000     26.4420   -15.1768   3.4780    4.8907    0.9997    0.5404
 38110.10    7.1167    9.7054           0.0000     25.9854   -15.1968   2.2603    4.8962    0.9848    0.5359
 38111.10    7.0481   10.0654           0.0000     25.9930   -15.0350   2.6626    4.9399    0.9900    0.5398
 38111.30    7.3136   10.1296           0.0000     25.9900   -15.0884   2.2662    5.0544    0.9999    0.5177
 38111.60    7.0286    9.8395           0.0000     25.4029   -15.6614   2.3472    4.9125    1.0000    0.5029
 38112.20    7.0892   10.0078           0.0000     26.4439   -15.5285   3.8969    4.8663    1.0000    0.5341
 38112.70    6.9552    9.8412           0.0000     25.2812   -14.8304   2.7069    5.1152    0.9970    0.5302
 38114.50    6.8877    9.9906           0.0000     25.9679   -15.1594   2.8627    4.8663    0.9892    0.5302
 38114.90    7.5417   10.2555           0.0000     27.3598   -15.3746   0.0142    4.7462    0.9931    0.5426
 38115.60    7.1460    9.8748           0.0000     26.5939   -15.0356   3.8418    4.8759    0.9977    0.5325
 38116.00    7.0686    9.3457           0.0000     25.0859   -15.0385   0.0148    5.0388    0.9765    0.5375
 38117.10    7.1193   10.0632           0.0000     26.1304   -15.6698   2.4524    4.9050    0.9859    0.5084
 38117.50    7.1063    9.6222           0.0000     26.6166   -15.5143   4.1741    4.7965    0.9949    0.5305
 38123.20    6.9895   10.3481           0.0000     25.1484   -14.5740   1.3078    5.2205    1.0000    0.5475
 38129.30    7.3919    9.8826           0.0000     25.9900   -14.4097   0.6008    5.2304    0.9707    0.5197
 38135.30    7.6009    9.5598           0.0000     26.1543   -15.8883   2.2885    4.8292    0.9718    0.5472
 38146.60    7.3731    9.7891           0.0000     27.6670   -15.3060   0.3529    4.8408    0.9546    0.5638
 38150.70    7.1101    9.9754           0.0000     25.5358   -13.6490   1.0447    5.5922    0.9825    0.5371
 38154.60    7.0827    9.5152           0.0000     24.7407   -15.9235   0.0820    5.1154    0.9262    0.4873
 38155.20    6.4993    9.6456           0.0000     26.7821   -16.0374   5.0006    4.9525    0.9623    0.5141
 38159.90    6.8469    9.8894           0.0000     26.1862   -15.5617   3.1190    5.1607    0.8831    0.5167
 38161.40    6.8960    9.4268           0.0000     27.0041   -14.9918   4.2494    5.0446    0.9113    0.5593
 38163.50    6.6584    9.9454           0.0000     26.1083   -15.8055   4.3350    4.9111    0.9382    0.5006
 38167.80    7.2442   10.1964           0.0000     26.1197   -15.9005   2.7901    5.2235    0.8862    0.5139
 38179.00    6.9814    9.6366           0.0000     25.9288   -15.1035   0.0134    5.3711    0.7470    0.5192
 38182.10    6.8830    9.8368           0.0000     26.4837   -15.1578   2.1500    5.2488    0.7775    0.5392
 38183.10    6.7627   11.2033           0.0000     25.1777   -14.4299   0.4846    5.3964    0.9255    0.5246
 38197.30    7.1938   10.0952           0.0000     27.0138   -15.0417   0.0110    5.3285    0.6357    0.5475
 38200.30    6.8843    9.5459           0.0000     26.3665   -14.8656   0.3605    5.4705    0.6942    0.5292
 38202.70    7.0843    9.8083           0.0000     27.1890   -15.7619   1.8513    5.2585    0.6991    0.5272
 38204.00    7.1257    9.5631           0.0000     27.1503   -15.6659   3.1905    5.1442    0.7332    0.5335
 38204.30    7.2361    9.8474           0.0000     27.0708   -15.4355   0.0370    5.2733    0.6540    0.5320
 38206.80    7.3502    9.9421           0.0000     27.3876   -15.3047   0.0139    5.3957    0.6066    0.5329
 38216.50    7.0011   10.2446           0.0000     27.3614   -14.9445   0.0114    5.4887    0.5680    0.5458
 38218.00    7.2168    9.8894           0.0000     26.6692   -15.1289   0.0101    5.4505    0.5191    0.5281
 38224.40    6.9409    9.8577           0.0000     27.0800   -15.2022   0.1142    5.4047    0.5241    0.5435
 38225.80    7.2829    9.4703           0.0000     27.5137   -15.1848   0.5115    5.3447    0.5683    0.5416
 38227.30    6.9481    9.6036           0.0000     26.6910   -15.1598   0.0100    5.4705    0.3933    0.5384
 38228.40    6.9905    9.7746           0.0000     27.1563   -15.1977   0.8201    5.3961    0.5010    0.5454
 38229.10    6.9563    9.7385           0.0000     27.1506   -14.9690   0.0106    5.5104    0.2802    0.5462
 38233.20    6.9605    9.9246           0.0000     27.0652   -15.2535   0.0127    5.5427    0.3656    0.5385
 38242.80    6.9383    9.7461           0.0000     27.1533   -15.2360   0.6316    5.4794    0.3278    0.5448
 38244.80    6.9914    9.6802           0.0000     27.2443   -15.0658   0.0374    5.5026    0.1985    0.5451
 38245.00    7.0700    9.6018           0.0000     27.6257   -15.1030   1.8271    5.4440    0.4188    0.5586
 38246.30    6.9756    9.7748           0.0000     27.1716   -15.2428   0.8044    5.5115    0.2639    0.5374
 38248.50    6.9639    9.7759           0.0000     27.1142   -15.2673   0.0512    5.5336    0.1217    0.5423
 38248.70    6.9625    9.7782           0.0000     27.2515   -15.1733   0.4845    5.5322    0.1568    0.5398
 38249.10    7.0378    9.8626           0.0000     27.3322   -15.1062   0.9617    5.5563    0.2191    0.5426
 38249.20    6.9157    9.7483           0.0000     27.2383   -15.1736   0.2347    5.5241    0.1231    0.5448
 38249.20    6.9908    9.9930           0.0000     27.4668   -15.2342   0.1133    5.5052    0.1749    0.5398
 38249.50    6.9213    9.8370           0.0000     27.3204   -15.2380   0.5842    5.4169    0.1974    0.5455
 38249.50    6.9314    9.7256           0.0000     27.2063   -15.1650   0.1164    5.5344    0.0761    0.5384
 38249.50    6.9836    9.6609           0.0000     27.3078   -15.0835   0.0755    5.5257    0.1052    0.5449
 38249.70    6.9176    9.6672           0.0000     27.2523   -15.2467   0.6248    5.5126    0.1457    0.5375
 38250.10    6.9269    9.7995           0.0000     27.4239   -15.2635   0.3869    5.5145    0.0249    0.5445
 38250.10    6.9292    9.7148           0.0000     27.4338   -15.1126   0.3169    5.5363    0.0504    0.5447
 38251.00    6.9512    9.7438           0.0000     27.0574   -15.2893   0.9184    5.5451    0.1473    0.5434
 38251.30    6.9243    9.7335           0.0000     27.2771   -15.1129   0.8575    5.5321    0.0528    0.5476
 38251.40    6.9040    9.7588           0.0000     27.3184   -15.1353   1.0749    5.5391    0.1165    0.5462
 38251.70    7.0107    9.7943           0.0000     27.3821   -15.1951   0.8719    5.4576    0.0172    0.5469
 38252.60    6.8285    9.8342           0.0000     27.3395   -14.8213   2.2314    5.5366    0.3363    0.5518
 38253.30    6.9007    9.8490           0.0000     27.4603   -15.2324   1.4316    5.5085    0.1079    0.5470
 38254.70    6.9678    9.6849           0.0000     27.4680   -15.0305   1.5472    5.5406    0.0460    0.5467
 38255.00    7.0511    9.8440           0.0000     27.6341   -15.0607   1.4551    5.5456    0.1006    0.5531
 38255.50    7.1527    9.5918           0.0000     27.1830   -15.0524   1.7580    5.5728    0.2245    0.5411
 38256.20    6.9451    9.7777           0.0000     27.5611   -15.2927   2.1332    5.5042    0.1877    0.5480
 38256.20    6.7839   10.0210           0.0000     27.5350   -15.0848   1.2542    5.5319    0.0060    0.5355
 38257.30    7.0070    9.7467           0.0000     27.5786   -15.1403   1.9904    5.5339    0.0985    0.5410
 38259.00    6.8867    9.9132           0.0000     27.4688   -15.2257   2.1415    5.4991    0.0196    0.5425
 38259.80    6.7526    9.8214           0.0000     27.2693   -14.9046   2.8830    5.5230    0.3345    0.5373
 38269.00    7.0168    9.5888           0.0000     27.9250   -14.8881   2.7969    5.5115    0.0038    0.5617
 38288.70    7.2577   10.5674           0.0000     27.7733   -16.0355   2.6107    5.4084    0.1876    0.5214
 38343.00    6.9305    8.5361           0.0000     28.3345   -15.5006   5.6752    5.5146    0.3185    0.5333
 38622.20    6.5739    9.0220           0.0000     59.9937   -16.5147   6.2933    4.0087    0.9997    0.6445
 38819.00    6.7540    9.0592           0.0000     59.4225   -17.0494   1.0234    4.2022    0.1599    0.7141
 38881.60    6.6731    9.7543           0.0000     58.2344   -17.7896   0.0129    4.3245    0.1183    0.6717
 39093.00    6.3571    7.9344           0.0000     56.5669   -39.8222   0.8606    3.4123    0.9997    0.4190

 38053.75    7.3559    9.9743           0.0000     25.7467   -15.1199   0.1192    4.9975    0.9760    0.5276
