  4532.90    2.6648    6.0982           0.0000     21.8310     1.7843   1.0000    2.0976    0.0000
  4532.90    2.6425    6.0945           0.0000     21.7115     1.8035   0.9999    2.0976    0.0000
  4532.90    2.6851    6.1053           0.0000     21.8509     1.7588   1.0000    2.0976    0.0000
  4532.90    3.0502    6.4857           0.0000     22.0093     0.0075   0.9896    2.0976    0.0000
  4532.90    2.6349    6.0909           0.0000     21.6881     1.8183   1.0000    2.0976    0.0000
  4532.90    2.6130    6.0619           0.0000     21.8644     1.9007   0.9997    2.0976    0.0000
  4533.00    2.5926    6.0730           0.0000     21.6502     1.8837   0.9999    2.0976    0.0000
  4533.00    2.6160    6.0711           0.0000     21.6593     1.8855   1.0000    2.0976    0.0000
  4533.10    2.5158    6.0469           0.0000     21.8224     1.9523   0.9999    2.0976    0.0000
  4533.20    2.6015    6.0880           0.0000     21.7559     1.8291   0.9977    2.0976    0.0000
  4533.20    2.6368    6.0927           0.0000     21.5497     1.8223   0.9989    2.0976    0.0000
  4533.50    2.7519    6.1532           0.0000     21.6162     1.5935   0.9954    2.0976    0.0000
  4533.50    2.6735    6.1142           0.0000     21.7300     1.7370   0.9944    2.0976    0.0000
  4533.60    2.4381    6.1396           0.0000     21.8082     2.0878   0.9982    2.0976    0.0000
  4533.60    2.8687    6.0699           0.0000     21.6730     1.3715   0.9994    2.0976    0.0000
  4533.60    3.1405    6.4934           0.0000     21.5963     0.0059   0.9824    2.0976    0.0000
  4533.70    2.8606    6.2111           0.0000     21.8155     1.3359   0.9954    2.0976    0.0000
  4533.70    2.9798    6.2537           0.0000     21.7474     1.1411   0.9980    2.0976    0.0000
  4533.80    2.7199    6.1712           0.0000     21.5461     1.5329   0.9955    2.0976    0.0000
  4534.00    3.0209    6.2946           0.0000     21.8810     0.8313   0.9988    2.0976    0.0000
  4534.00    2.7453    6.1180           0.0000     22.0489     1.6653   0.9906    2.0976    0.0000
  4534.10    3.0491    6.3291           0.0000     21.6731     0.6245   0.9994    2.0976    0.0000
  4534.20    2.4830    6.1073           0.0000     22.1243     2.1665   0.9950    2.0976    0.0000
  4534.40    3.1067    6.3602           0.0000     21.6604     0.1461   1.0000    2.0976    0.0000
  4535.10    2.2898    6.0755           0.0000     22.0733     2.3759   0.9995    2.0976    0.0000
  4535.10    3.1407    6.1885           0.0000     22.1874     0.5723   0.9962    2.0976    0.0000
  4535.30    3.1562    6.2962           0.0000     22.0620     0.0094   0.9612    2.0976    0.0000
  4535.80    3.0963    6.5879           0.0000     21.8481     0.2821   1.0000    2.0976    0.0000
  4536.10    3.1055    6.1990           0.0000     22.0980     0.3637   0.9853    2.0976    0.0000
  4537.40    2.4790    5.9364           0.0000     21.8113     1.8583   0.9682    2.0976    0.0000
  4538.40    2.6451    6.3811           0.0000     22.0384     1.7138   0.9606    2.0976    0.0000
  4540.40    3.1688    6.7463           0.0000     22.1562     0.0209   0.9546    2.0976    0.0000
  4542.30    2.5588    6.4931           0.0000     22.2190     1.7776   0.9397    2.0976    0.0000
  4543.60    2.1878    5.8285           0.0000     22.5375     2.3386   0.9208    2.0976    0.0000
  4550.40    1.8126    5.4029           0.0000     21.9990     2.7012   0.9427    2.0976    0.0000
  4552.20    2.9156    6.1112           0.0000     22.9228     0.9410   0.8282    2.0976    0.0000
  4557.90    3.0526    5.9964           0.0000     22.2421     0.0169   0.8038    2.0976    0.0000
  4561.90    3.1689    6.2371           0.0000     23.7219     0.7747   0.7295    2.0976    0.0000
  4568.30    2.6312    6.0700           0.0000     24.6438     2.0636   0.6422    2.0976    0.0000
  4568.80    3.4040    5.7573           0.0000     25.8412     0.0053   0.7910    2.0976    0.0000
  4568.80    3.0097    5.9045           0.0000     24.0724     0.5586   0.6661    2.0976    0.0000
  4583.00    2.7859    5.9673           0.0000     25.8094     1.5091   0.2735    2.0976    0.0000
  4583.40    2.7540    5.9673           0.0000     25.8785     1.5004   0.2492    2.0976    0.0000
  4583.80    2.3741    5.6245           0.0000     25.7969     2.1619   0.3249    2.0976    0.0000
  4584.20    3.0959    6.1322           0.0000     25.8834     0.5255   0.2587    2.0976    0.0000
  4584.70    2.6503    6.0275           0.0000     26.2327     1.7604   0.1099    2.0976    0.0000
  4586.40    2.6945    5.9324           0.0000     26.2079     2.0675   0.0999    2.0976    0.0000
  4609.70    2.7273    5.5851           0.0000     45.9637     1.4513   0.9882    2.0976    0.0000
  4613.20    2.9178    5.7045           0.0000     42.3093     0.9127   0.2549    2.0976    0.0000
  4613.70    2.6707    5.5533           0.0000     45.0312     1.5879   0.5118    2.0976    0.0000

  4533.30    2.7354    6.1605           0.0000     21.7403     1.5041   0.9972    2.0976    0.0000
