  6405.00    4.1812    9.5008           0.0000     44.7560     6.0394   0.8704    3.3313    0.0000
  6405.00    4.1865    9.5107           0.0000     46.0537     6.0401   0.9275    3.3313    0.0000
  6405.00    4.2456    9.3838           0.0000     45.7323     5.9954   0.8638    3.3313    0.0000
  6405.00    4.2156    9.3593           0.0000     47.9272     6.0182   0.9048    3.3313    0.0000
  6405.00    4.1700    9.3343           0.0000     44.9399     6.0541   0.8555    3.3313    0.0000
  6405.10    4.1713    9.4372           0.0000     47.8335     5.8958   0.9020    3.3313    0.0000
  6405.10    4.2121    9.4228           0.0000     46.6679     6.1717   0.9230    3.3313    0.0000
  6405.10    4.0961    9.3031           0.0000     45.7093     6.0989   0.8517    3.3313    0.0000
  6405.10    4.1044    9.4565           0.0000     44.9395     6.0968   0.8440    3.3313    0.0000
  6405.10    4.2101    9.5107           0.0000     44.3474     6.0239   0.8668    3.3313    0.0000
  6405.20    4.1470    9.4703           0.0000     45.0692     6.0723   0.8191    3.3313    0.0000
  6405.30    4.2332    9.3163           0.0000     46.9035     5.8512   0.9006    3.3313    0.0000
  6405.40    4.1789    9.4673           0.0000     58.2940     6.3469   0.9142    3.3313    0.0000
  6405.40    4.2511    9.4364           0.0000     44.7708     6.1347   0.9565    3.3313    0.0000
  6405.50    4.2749    9.3892           0.0000     45.9373     5.9700   0.7838    3.3313    0.0000
  6405.70    4.3650    9.3208           0.0000     46.3821     6.0630   0.8317    3.3313    0.0000
  6405.90    4.1773    9.3279           0.0000     45.5573     6.0417   0.7235    3.3313    0.0000
  6406.00    4.1618    9.4250           0.0000     44.4052     5.9017   0.7491    3.3313    0.0000
  6406.00    4.2316    9.4496           0.0000     46.5753     5.8526   0.7313    3.3313    0.0000
  6406.10    4.1947    9.4351           0.0000     46.0742     5.8707   0.7084    3.3313    0.0000
  6406.30    4.4379    9.4499           0.0000     46.3740     5.8530   0.7361    3.3313    0.0000
  6406.30    4.1466    9.4042           0.0000     45.5074     5.9083   0.6868    3.3313    0.0000
  6406.30    4.2726    9.3801           0.0000     46.1430     5.9773   0.6901    3.3313    0.0000
  6407.40    4.2044    9.4378           0.0000     46.1169     5.8725   0.5591    3.3313    0.0000
  6407.90    4.1825    9.4283           0.0000     46.3688     5.8805   0.4817    3.3313    0.0000
  6408.00    4.1903    9.4294           0.0000     46.0807     5.8842   0.4705    3.3313    0.0000
  6408.00    4.1926    9.4242           0.0000     45.9807     5.8824   0.4690    3.3313    0.0000
  6408.10    4.1813    9.4275           0.0000     46.9436     5.8737   0.4663    3.3313    0.0000
  6408.20    4.1735    9.4212           0.0000     46.5217     5.8876   0.4387    3.3313    0.0000
  6408.40    4.3339    9.5873           0.0000     47.9359     5.6121   0.5246    3.3313    0.0000
  6408.70    4.1980    9.2844           0.0000     46.5413     5.8749   0.3351    3.3313    0.0000
  6408.80    4.1523    9.4022           0.0000     46.7105     5.9138   0.2908    3.3313    0.0000
  6408.90    4.1216    9.3901           0.0000     46.3940     5.9330   0.2704    3.3313    0.0000
  6409.00    4.1434    9.5005           0.0000     46.8822     5.7612   0.2538    3.3313    0.0000
  6409.00    4.2067    9.5271           0.0000     46.6154     5.7182   0.2676    3.3313    0.0000
  6409.10    4.2173    9.4333           0.0000     46.9181     5.8626   0.1803    3.3313    0.0000
  6409.20    4.1552    9.4114           0.0000     46.6202     5.9061   0.0233    3.3313    0.0000
  6409.20    4.2975    9.4698           0.0000     47.0550     5.8009   0.1663    3.3313    0.0000
  6409.20    4.1319    9.4807           0.0000     47.2690     5.7588   0.2246    3.3313    0.0000
  6409.20    4.1493    9.3042           0.0000     46.6551     5.9115   0.2131    3.3313    0.0000
  6409.20    4.2138    9.3340           0.0000     46.3722     6.0174   0.2507    3.3313    0.0000
  6409.20    4.1883    9.4244           0.0000     46.6460     5.8839   0.0821    3.3313    0.0000
  6409.30    4.2026    9.5128           0.0000     46.9854     5.7137   0.0837    3.3313    0.0000
  6409.30    4.2182    9.3898           0.0000     47.2481     5.7042   0.0109    3.3313    0.0000
  6409.30    4.1335    9.3488           0.0000     46.9043     5.7702   0.0115    3.3313    0.0000
  6409.40    4.3250    9.4867           0.0000     47.1328     5.7808   0.0117    3.3313    0.0000
  6410.80    4.0869    9.3604           0.0000     50.3446     5.9600   0.0615    3.3313    0.0000
  6427.70    6.3193   10.6060           0.0000     47.2692     1.8471   0.8085    3.3313    0.0000
  6431.00    6.4516   10.8488           0.0000     46.5208     0.2091   0.6021    3.3313    0.0000
  6431.50    6.4386   10.7165           0.0000     47.1288     0.4596   0.4297    3.3313    0.0000

  6405.35    4.2004    9.4129           0.0000     46.4438     6.0270   0.8464    3.3313    0.0000
