  6399.60    8.0131   12.7114           0.0000     57.6972     0.0153   1.0000    3.8551    0.0000
  6402.90    8.0298   12.0408           0.0000     45.7140     0.0105   0.9966    3.8551    0.0000
  6404.00    7.7571   12.5818           0.0000     57.8968     0.0312   0.9990    3.8551    0.0000
  6404.60    7.9604   12.7375           0.0000     55.9772     0.0315   0.9958    3.8551    0.0000
  6404.60    8.2008   12.8246           0.0000     50.4466     0.0099   0.9674    3.8551    0.0000
  6404.70    7.8834   12.4478           0.0000     56.5375     0.0133   0.9921    3.8551    0.0000
  6405.10    8.2622   12.8960           0.0000     37.9010     0.0182   0.8452    3.8551    0.0000
  6410.80    7.6701   11.9482           0.0000     46.3754     0.0091   0.9417    3.8551    0.0000
  6412.60    7.8883   11.6624           0.0000     52.2995     0.0158   0.1828    3.8551    0.0000
  6413.10    7.9580   12.5855           0.0000     55.7629     0.3059   0.9999    3.8551    0.0000
  6413.20    7.9525   12.5831           0.0000     55.3158     0.4248   0.9996    3.8551    0.0000
  6413.30    7.9313   12.5724           0.0000     55.3749     0.7228   1.0000    3.8551    0.0000
  6413.30    7.9520   12.7177           0.0000     54.6574     0.4422   1.0000    3.8551    0.0000
  6413.30    7.6415   11.6589           0.0000     59.6792     0.0122   0.0107    3.8551    0.0000
  6413.60    7.7572   11.7570           0.0000     59.9674     0.0112   0.0495    3.8551    0.0000
  6413.60    7.7596   11.6540           0.0000     59.8611     0.0176   0.3078    3.8551    0.0000
  6413.60    7.6258   11.6610           0.0000     59.5176     0.0113   0.0988    3.8551    0.0000
  6413.80    7.7502   11.5545           0.0000     59.9994     0.0122   0.0186    3.8551    0.0000
  6413.80    7.9115   12.4362           0.0000     51.2547     0.9223   1.0000    3.8551    0.0000
  6413.90    7.7507   11.6569           0.0000     59.0216     0.0223   0.3140    3.8551    0.0000
  6414.00    7.9532   12.7029           0.0000     59.5522     0.4124   0.9994    3.8551    0.0000
  6414.10    7.7083   11.6495           0.0000     59.9362     0.0279   0.0103    3.8551    0.0000
  6414.10    7.6904   11.7650           0.0000     59.9841     0.0252   0.2777    3.8551    0.0000
  6414.20    7.7112   11.6554           0.0000     59.7218     0.0260   0.0234    3.8551    0.0000
  6414.50    7.7172   11.7687           0.0000     59.7003     0.0247   0.0405    3.8551    0.0000
  6414.50    7.8883   11.6610           0.0000     59.2938     0.0117   0.0309    3.8551    0.0000
  6414.60    8.1646   11.9341           0.0000     50.4436     0.0137   0.8335    3.8551    0.0000
  6414.70    7.8850   12.1416           0.0000     59.1505     0.0050   0.7919    3.8551    0.0000
  6414.90    7.7501   11.7576           0.0000     58.2637     0.0141   0.4355    3.8551    0.0000
  6415.50    7.5147   12.4345           0.0000     49.4823     2.6574   0.9956    3.8551    0.0000
  6415.60    7.7263   11.7189           0.0000     59.9215     0.0160   0.1185    3.8551    0.0000
  6415.90    7.8853   11.6569           0.0000     58.1463     0.0181   0.4733    3.8551    0.0000
  6416.20    7.8832   12.0008           0.0000     50.6694     0.0104   0.7412    3.8551    0.0000
  6416.70    7.7114   11.8985           0.0000     55.4005     0.0288   0.5310    3.8551    0.0000
  6419.20    7.7096   11.6665           0.0000     59.9701     0.1139   0.0155    3.8551    0.0000
  6419.20    7.7107   11.7830           0.0000     59.9829     0.0945   0.2210    3.8551    0.0000
  6419.20    7.7086   11.6809           0.0000     59.9909     0.2462   0.2815    3.8551    0.0000
  6419.30    7.7053   11.6732           0.0000     59.9914     0.2805   0.0783    3.8551    0.0000
  6419.30    7.7064   11.6878           0.0000     59.9839     0.2442   0.1893    3.8551    0.0000
  6419.40    7.6936   11.6590           0.0000     59.9996     0.4730   0.1929    3.8551    0.0000
  6419.50    7.6812   11.6627           0.0000     59.9975     0.6895   0.2875    3.8551    0.0000
  6419.50    7.6901   11.7772           0.0000     59.9475     0.5738   0.0104    3.8551    0.0000
  6419.60    7.5708   11.6623           0.0000     59.8675     0.4560   0.1729    3.8551    0.0000
  6420.00    7.6049   11.7160           0.0000     59.9970     1.2848   0.2458    3.8551    0.0000
  6420.20    7.5852   11.7120           0.0000     59.8850     1.3971   0.2924    3.8551    0.0000
  6421.30    7.5785   11.7409           0.0000     59.5455     2.0058   0.3113    3.8551    0.0000
  6422.40    7.4882   11.5760           0.0000     58.1398     2.3205   0.3827    3.8551    0.0000
  6423.00    7.6369   11.7356           0.0000     55.2951     1.1011   0.5227    3.8551    0.0000
  6424.30    7.5672   11.7103           0.0000     55.4137     2.0534   0.5366    3.8551    0.0000
  6424.70    7.6650   11.9301           0.0000     50.9372     1.6440   0.7567    3.8551    0.0000

  6409.87    7.8828   12.2344           0.0000     54.5629     0.1530   0.6860    3.8551    0.0000
