  5887.60    2.8181    9.6669           0.0000     34.3731     0.0488   0.9568    3.1069    0.0000
  5887.70    2.8216    9.8162           0.0000     34.0637     0.0489   0.9835    3.1069    0.0000
  5887.70    2.8207    9.7956           0.0000     34.5930     0.0545   0.9510    3.1069    0.0000
  5887.70    2.8213    9.6790           0.0000     34.3226     0.0532   0.9855    3.1069    0.0000
  5887.70    2.6961    9.6605           0.0000     34.3109     0.0533   0.9366    3.1069    0.0000
  5887.70    2.6956    9.6586           0.0000     34.4368     0.0486   0.9247    3.1069    0.0000
  5887.80    2.8197    9.6598           0.0000     34.7849     0.0962   0.9609    3.1069    0.0000
  5887.80    2.6977    9.6455           0.0000     34.5880     0.0412   0.8925    3.1069    0.0000
  5887.90    2.8125    9.8023           0.0000     34.1417     0.2317   0.9572    3.1069    0.0000
  5887.90    2.8063    9.6718           0.0000     34.2811     0.2786   0.9760    3.1069    0.0000
  5887.90    2.8035    9.6705           0.0000     34.2821     0.3174   0.9755    3.1069    0.0000
  5887.90    2.6878    9.6615           0.0000     34.4661     0.2178   0.9556    3.1069    0.0000
  5888.00    2.8040    9.6524           0.0000     34.2960     0.2803   0.9239    3.1069    0.0000
  5888.00    2.7985    9.6556           0.0000     34.3468     0.3839   0.9445    3.1069    0.0000
  5888.00    2.7968    9.6678           0.0000     34.4606     0.3908   0.9789    3.1069    0.0000
  5888.00    2.8174    9.6550           0.0000     34.9792     0.1701   0.9584    3.1069    0.0000
  5888.00    2.8011    9.6453           0.0000     34.8167     0.3555   0.9351    3.1069    0.0000
  5888.10    2.6761    9.6417           0.0000     34.8325     0.3318   0.9036    3.1069    0.0000
  5888.10    2.8213    9.5109           0.0000     34.6842     0.0444   0.8813    3.1069    0.0000
  5888.10    2.8205    9.5342           0.0000     34.1515     0.0975   0.9692    3.1069    0.0000
  5888.10    2.7872    9.6639           0.0000     34.2381     0.4491   0.9450    3.1069    0.0000
  5888.10    2.7949    9.6527           0.0000     34.7997     0.4133   0.9544    3.1069    0.0000
  5888.10    2.6710    9.6624           0.0000     34.3964     0.4091   0.9624    3.1069    0.0000
  5888.30    2.7836    9.5287           0.0000     34.2098     0.4627   0.9674    3.1069    0.0000
  5888.30    2.8013    9.9545           0.0000     33.9802     0.3584   0.9930    3.1069    0.0000
  5888.30    2.7961    9.8012           0.0000     34.6063     0.0056   0.8493    3.1069    0.0000
  5888.40    2.8030    9.7661           0.0000     34.8576     0.3388   0.8754    3.1069    0.0000
  5888.50    2.7974    9.6256           0.0000     34.7790     0.3751   0.8529    3.1069    0.0000
  5888.60    2.8214    9.3799           0.0000     34.5586     0.0437   0.8764    3.1069    0.0000
  5888.80    2.6922    9.7558           0.0000     34.5360     0.8734   0.9436    3.1069    0.0000
  5888.80    2.8206    9.6221           0.0000     35.1711     0.0427   0.7990    3.1069    0.0000
  5889.00    2.7516    9.6202           0.0000     35.1480     0.0183   0.7437    3.1069    0.0000
  5890.30    2.6890    9.4846           0.0000     36.0246     0.0194   0.6986    3.1069    0.0000
  5890.80    2.7012    9.4876           0.0000     35.5873     0.0297   0.6077    3.1069    0.0000
  5892.30    2.9381    9.2598           0.0000     36.3839     0.0152   0.6169    3.1069    0.0000
  5892.80    2.7523    9.4553           0.0000     35.8525     0.6441   0.5596    3.1069    0.0000
  5892.80    2.8179    9.4711           0.0000     36.2500     0.0572   0.5003    3.1069    0.0000
  5893.20    2.7107    9.4667           0.0000     36.4047     0.0354   0.3051    3.1069    0.0000
  5893.30    2.8118    9.4863           0.0000     36.6447     0.0338   0.3623    3.1069    0.0000
  5893.40    2.6904    9.4721           0.0000     36.9903     0.2294   0.4827    3.1069    0.0000
  5894.20    2.6297    9.4481           0.0000     36.4583     0.6234   0.4273    3.1069    0.0000
  5894.30    2.7166    9.4434           0.0000     35.6359     0.7804   0.4575    3.1069    0.0000
  5894.70    2.7397    9.4463           0.0000     36.7894     0.7198   0.3842    3.1069    0.0000
  5894.80    2.7733    9.4599           0.0000     37.2399     0.4458   0.3114    3.1069    0.0000
  5894.90    2.8162    9.4693           0.0000     36.6430     0.1607   0.1356    3.1069    0.0000
  5895.10    2.8099    9.3405           0.0000     36.5368     0.2613   0.0916    3.1069    0.0000
  5895.10    2.7634    9.4687           0.0000     36.5426     0.3526   0.1705    3.1069    0.0000
  5895.20    2.6612    9.4660           0.0000     36.8226     0.4939   0.1900    3.1069    0.0000
  5895.30    2.7688    9.4693           0.0000     36.7060     0.5106   0.1116    3.1069    0.0000
  5895.30    2.7728    9.4671           0.0000     36.7880     0.4890   0.0120    3.1069    0.0000

  5887.88    2.7818    9.6676           0.0000     34.4606     0.1772   0.9475    3.1069    0.0000
