  6037.40    4.3022   10.5352           0.0000     28.8660     0.0051   1.0000    3.8106    0.0000
  6038.00    4.2971   10.2033           0.0000     29.0927     0.0146   0.9992    3.8106    0.0000
  6038.10    4.1699   10.5360           0.0000     28.7589     0.0197   1.0000    3.8106    0.0000
  6038.40    4.1861   10.6194           0.0000     29.4634     0.0304   0.9991    3.8106    0.0000
  6038.50    4.0617   10.3441           0.0000     29.2234     0.0283   1.0000    3.8106    0.0000
  6038.80    4.4255   10.7198           0.0000     29.4976     0.0186   0.9963    3.8106    0.0000
  6038.80    3.9375   10.7196           0.0000     29.6008     0.0207   0.9988    3.8106    0.0000
  6038.90    3.7929   10.3703           0.0000     28.9135     0.0053   0.9984    3.8106    0.0000
  6038.90    4.3446   10.6704           0.0000     28.8950     0.0194   0.9943    3.8106    0.0000
  6039.10    4.4883   10.5697           0.0000     29.5303     0.0376   0.9979    3.8106    0.0000
  6039.40    4.2132   10.0920           0.0000     28.6839     0.0250   0.9992    3.8106    0.0000
  6040.40    4.4868   10.9173           0.0000     28.9359     0.0434   0.9877    3.8106    0.0000
  6041.70    3.4890   10.1783           0.0000     30.0474     2.7747   1.0000    3.8106    0.0000
  6041.80    3.4952   10.1907           0.0000     29.9152     2.7533   0.9998    3.8106    0.0000
  6041.80    3.5239   10.1950           0.0000     29.8837     2.7317   0.9996    3.8106    0.0000
  6041.80    3.4715   10.2251           0.0000     29.8395     2.5997   0.9999    3.8106    0.0000
  6041.80    3.4159   10.1507           0.0000     30.0462     2.8656   1.0000    3.8106    0.0000
  6041.80    3.4278   10.2082           0.0000     30.0466     2.6468   0.9998    3.8106    0.0000
  6041.80    3.4652   10.1642           0.0000     30.0579     2.7825   1.0000    3.8106    0.0000
  6041.80    3.3687   10.1869           0.0000     30.0174     2.7260   0.9998    3.8106    0.0000
  6041.80    3.4650   10.1766           0.0000     30.0308     2.8033   0.9999    3.8106    0.0000
  6041.80    3.4134   10.3192           0.0000     29.8770     2.8654   0.9994    3.8106    0.0000
  6041.80    3.4578   10.3345           0.0000     29.8511     2.8175   0.9999    3.8106    0.0000
  6041.80    3.5097   10.1833           0.0000     30.0320     2.7505   0.9999    3.8106    0.0000
  6041.80    3.4609   10.1919           0.0000     29.7260     2.7958   0.9999    3.8106    0.0000
  6041.80    3.5322   10.2095           0.0000     29.9084     2.7135   1.0000    3.8106    0.0000
  6041.80    3.4735   10.2248           0.0000     29.9742     2.5901   1.0000    3.8106    0.0000
  6041.80    3.5182   10.1843           0.0000     30.0398     2.7415   1.0000    3.8106    0.0000
  6041.90    3.5551   10.1813           0.0000     30.2618     2.6976   0.9995    3.8106    0.0000
  6041.90    3.4402   10.3510           0.0000     30.2594     2.6309   0.9999    3.8106    0.0000
  6041.90    3.4668   10.0420           0.0000     29.6426     2.8035   1.0000    3.8106    0.0000
  6041.90    3.4309   10.0097           0.0000     29.8271     2.8529   0.9996    3.8106    0.0000
  6041.90    3.4755   10.3691           0.0000     30.0545     2.6141   1.0000    3.8106    0.0000
  6041.90    3.5251   10.2175           0.0000     29.5321     2.7227   0.9999    3.8106    0.0000
  6042.00    3.4808   10.1336           0.0000     29.8749     2.9861   0.9993    3.8106    0.0000
  6042.00    3.5145   10.1107           0.0000     30.0461     2.5372   0.9996    3.8106    0.0000
  6042.10    3.5217   10.1383           0.0000     30.0651     2.3016   1.0000    3.8106    0.0000
  6042.30    3.6806   10.4514           0.0000     30.0633     2.2504   0.9998    3.8106    0.0000
  6043.00    3.3346    9.9550           0.0000     29.2646     3.1310   0.9956    3.8106    0.0000
  6043.30    3.8695   10.3239           0.0000     30.2744     1.2887   0.9995    3.8106    0.0000
  6043.80    4.1816   10.3992           0.0000     29.8397     0.3947   0.9997    3.8106    0.0000
  6043.80    3.9117   10.5177           0.0000     30.2004     0.5857   1.0000    3.8106    0.0000
  6048.30    4.6673   10.1110           0.0000     29.1125     0.6109   0.9880    3.8106    0.0000
  6055.20    3.9096    9.8332           0.0000     31.8071     0.0051   0.7059    3.8106    0.0000
  6060.40    3.8809    9.8813           0.0000     34.0850     0.0053   0.6327    3.8106    0.0000
  6069.40    3.4723    9.8670           0.0000     33.8040     1.6158   0.3980    3.8106    0.0000
  6070.60    3.6298    9.9198           0.0000     34.2394     1.2178   0.2420    3.8106    0.0000
  6070.70    3.4902    9.8737           0.0000     34.1595     1.5658   0.2136    3.8106    0.0000
  6070.80    3.4938    9.8713           0.0000     34.1897     1.5802   0.1876    3.8106    0.0000
  6070.90    3.6175    9.8316           0.0000     34.3486     0.7916   0.1399    3.8106    0.0000

  6039.95    3.9181   10.3898           0.0000     29.4658     1.1074   0.9985    3.8106    0.0000
