 30120.00    5.3274    9.7175           0.0000     38.3506     0.0133   0.9968    3.3234    0.0000
 30120.70    5.0529    9.4228           0.0000     38.7706     0.0229   0.9908    3.3234    0.0000
 30121.60    5.0781    9.3347           0.0000     40.8988     0.0163   0.9980    3.3234    0.0000
 30123.50    5.0778    9.5547           0.0000     53.3579     0.0159   0.9988    3.3234    0.0000
 30123.60    5.1860    9.2795           0.0000     42.4884     0.0180   0.9959    3.3234    0.0000
 30125.30    5.1799    9.4406           0.0000     52.3882     0.0152   0.9849    3.3234    0.0000
 30126.20    5.0575    9.3553           0.0000     48.5075     0.0101   0.9995    3.3234    0.0000
 30127.70    5.1830    9.3302           0.0000     43.3996     0.0162   0.9644    3.3234    0.0000
 30132.90    5.0538    9.4463           0.0000     54.5949     0.5255   1.0000    3.3234    0.0000
 30133.60    5.0773    9.4155           0.0000     53.9029     0.0197   0.9422    3.3234    0.0000
 30134.00    5.1183    9.4666           0.0000     55.1543     0.9457   1.0000    3.3234    0.0000
 30134.60    5.0517    9.7484           0.0000     59.9528     0.0197   0.9820    3.3234    0.0000
 30134.70    5.1501    9.4215           0.0000     56.9526     0.7515   0.9972    3.3234    0.0000
 30135.10    5.1225    9.4923           0.0000     50.9115     0.9142   0.9980    3.3234    0.0000
 30138.10    5.1542    9.4512           0.0000     41.2641     0.7250   0.9999    3.3234    0.0000
 30138.50    5.1417    9.4415           0.0000     41.7049     0.8372   1.0000    3.3234    0.0000
 30138.90    5.0895    9.4989           0.0000     41.4255     1.0920   0.9997    3.3234    0.0000
 30139.30    5.1568    9.4380           0.0000     42.6426     0.7020   0.9960    3.3234    0.0000
 30139.40    5.0257    9.4437           0.0000     41.0668     1.3566   0.9998    3.3234    0.0000
 30140.50    5.0548    9.2170           0.0000     44.8946     0.0143   0.8590    3.3234    0.0000
 30140.90    5.0778    9.2917           0.0000     45.9356     0.0166   0.8586    3.3234    0.0000
 30141.70    5.0517    9.1820           0.0000     42.2365     0.0147   0.1388    3.3234    0.0000
 30142.50    4.9503    9.3914           0.0000     43.9757     0.0139   0.8288    3.3234    0.0000
 30144.20    5.0550    9.2029           0.0000     44.9096     0.0182   0.8234    3.3234    0.0000
 30147.00    5.0517    9.5017           0.0000     46.1125     0.0165   0.8359    3.3234    0.0000
 30147.70    4.6577    9.3733           0.0000     41.4960     2.2569   0.9891    3.3234    0.0000
 30151.50    4.9524    9.0177           0.0000     49.7272     0.0142   0.8415    3.3234    0.0000
 30154.80    5.0763    9.0010           0.0000     54.0896     0.0181   0.2395    3.3234    0.0000
 30155.00    5.0518    9.0785           0.0000     53.2510     0.0157   0.2439    3.3234    0.0000
 30155.30    4.9444    9.2699           0.0000     48.1964     0.0094   0.5873    3.3234    0.0000
 30156.00    5.0779    9.2647           0.0000     49.7915     0.0163   0.4587    3.3234    0.0000
 30156.50    5.1785    9.0856           0.0000     50.6074     0.0141   0.3079    3.3234    0.0000
 30156.70    5.0540    9.0966           0.0000     50.0726     0.0096   0.7681    3.3234    0.0000
 30157.80    5.0785    9.0024           0.0000     51.3628     0.0154   0.6370    3.3234    0.0000
 30158.30    5.0526    9.0074           0.0000     59.5168     0.0050   0.0653    3.3234    0.0000
 30159.10    5.0793    9.1014           0.0000     59.2140     0.0052   0.0135    3.3234    0.0000
 30159.40    5.0783    9.0896           0.0000     59.8115     0.0160   0.0963    3.3234    0.0000
 30160.40    5.0763    9.0925           0.0000     59.9568     0.0341   0.1449    3.3234    0.0000
 30160.80    5.0774    9.0990           0.0000     58.8364     0.0302   0.2459    3.3234    0.0000
 30161.10    5.0775    8.9662           0.0000     59.9772     0.0583   0.0151    3.3234    0.0000
 30161.10    5.0771    8.9630           0.0000     59.8737     0.0550   0.1558    3.3234    0.0000
 30161.30    5.0756    9.0887           0.0000     59.9956     0.1612   0.0461    3.3234    0.0000
 30161.50    4.9515    9.1003           0.0000     59.3277     0.0298   0.1198    3.3234    0.0000
 30161.60    5.0633    9.0781           0.0000     59.9156     0.3946   0.2408    3.3234    0.0000
 30161.80    5.0574    9.0771           0.0000     59.7744     0.4639   0.2978    3.3234    0.0000
 30161.80    5.0575    9.0788           0.0000     59.7566     0.4647   0.1688    3.3234    0.0000
 30162.30    5.0349    9.0650           0.0000     59.6868     0.6738   0.0409    3.3234    0.0000
 30162.80    5.0884    9.0933           0.0000     58.6387     0.0059   0.6390    3.3234    0.0000
 30163.30    5.0754    9.0911           0.0000     56.7164     0.1586   0.4865    3.3234    0.0000
 30166.60    4.9144    8.9911           0.0000     56.6398     1.2878   0.4048    3.3234    0.0000

 30131.41    5.1170    9.4458           0.0000     47.1315     0.4016   0.9851    3.3234    0.0000
